1 0.999993682 0.003326377 0.000817305 0.000952425 0.000023005 0.003054524 0.000124312 1 keyframe_0000.png

2 0.999988973 0.004324833 0.001376833 0.001218450 0.000016790 0.004741989 0.000247235 1 keyframe_0001.png

3 0.999981880 0.005235151 0.002489463 0.001644600 0.000035341 0.008128732 0.000376898 1 keyframe_0002.png

4 0.999977469 0.005690230 0.003351788 0.001240935 0.000056295 0.009537891 0.000314301 1 keyframe_0003.png

5 0.999971211 0.006303438 0.003642264 0.002141059 0.000042512 0.010654318 0.000125266 1 keyframe_0004.png

6 0.999944568 0.008948761 0.004548602 0.003186675 0.000094073 0.012209099 -0.000495415 1 keyframe_0005.png

7 0.999909341 0.012015646 0.005031758 0.003414687 0.000168690 0.012867075 -0.000877977 1 keyframe_0006.png

8 0.999851584 0.015801735 0.005893329 0.003518156 0.000262908 0.013553289 -0.001251584 1 keyframe_0007.png

9 0.987734437 0.005327402 0.135958254 0.076600552 -0.004901348 0.036810767 -0.039637916 1 keyframe_0008.png

10 0.984056234 0.004256007 0.156744495 0.083942875 -0.005237962 0.038953368 -0.046732087 1 keyframe_0009.png

11 0.982487917 0.004680046 0.164596573 0.087198533 -0.003437041 0.042804390 -0.054693755 1 keyframe_0010.png

12 0.981430173 -0.000085716 0.170842230 0.087222651 0.003717719 0.053366452 -0.070193440 1 keyframe_0011.png

13 0.976657450 0.000028925 0.196663290 0.086393401 0.007731734 0.063728236 -0.079645969 1 keyframe_0012.png

14 0.967092335 0.003808620 0.235042572 0.097329304 0.007324446 0.074317276 -0.088702612 1 keyframe_0013.png

15 0.952056706 0.005518818 0.283403814 0.115064688 0.002497001 0.082906529 -0.099512070 1 keyframe_0014.png

16 0.926194549 -0.007768634 0.348738939 0.143124014 0.009280317 0.105405875 -0.140470341 1 keyframe_0015.png

17 0.926478982 -0.002258940 0.349590123 0.139349788 0.015211343 0.111124210 -0.144359499 1 keyframe_0016.png

18 0.927833796 -0.000853974 0.347623795 0.135208920 0.028542057 0.120149031 -0.152944952 1 keyframe_0017.png

19 0.928133786 0.000653167 0.346961766 0.134851396 0.034629501 0.124136694 -0.157620877 1 keyframe_0018.png

20 0.921125233 0.001419750 0.362001181 0.143113345 0.039172303 0.131481245 -0.168942228 1 keyframe_0019.png

21 0.913227737 -0.000301167 0.377537072 0.153234184 0.036485858 0.134697959 -0.175844222 1 keyframe_0020.png

22 0.902763426 -0.002436722 0.397563756 0.164181054 0.031158783 0.138291880 -0.183655366 1 keyframe_0021.png

23 0.863682985 -0.000249377 0.470075995 0.181879506 0.015392612 0.157772556 -0.212839723 1 keyframe_0022.png

24 0.857886910 0.002337381 0.480522692 0.181995928 0.022317400 0.169414461 -0.231336966 1 keyframe_0023.png

25 0.858144045 0.000715725 0.479930788 0.182358921 0.026842535 0.172984719 -0.239427999 1 keyframe_0024.png

26 0.855210781 -0.005060928 0.485827297 0.180446282 0.038903352 0.186171085 -0.269224644 1 keyframe_0025.png

27 0.854263484 -0.004479790 0.487634063 0.180074722 0.045680873 0.193558052 -0.285122812 1 keyframe_0026.png

28 0.853229880 -0.009474501 0.489084214 0.180847093 0.055989414 0.198154002 -0.311155677 1 keyframe_0027.png

29 0.852182567 -0.007927293 0.491125077 0.180328384 0.058870811 0.200170070 -0.319780439 1 keyframe_0028.png

30 0.827003658 -0.003864620 0.527095139 0.195501596 0.034266103 0.211232781 -0.345762104 1 keyframe_0029.png

31 0.812081039 -0.004095712 0.546357989 0.204940334 0.015779020 0.216568723 -0.354452848 1 keyframe_0030.png

32 0.781189680 -0.008766598 0.581157506 0.227863446 -0.023348885 0.226518840 -0.368546367 1 keyframe_0031.png

33 0.769853234 -0.009496092 0.594076753 0.233042374 -0.037336316 0.230246082 -0.375523597 1 keyframe_0032.png

34 0.758302152 -0.005746291 0.608228266 0.234527886 -0.048759121 0.237896815 -0.390609652 1 keyframe_0033.png

35 0.753745317 -0.003682154 0.613301337 0.236042261 -0.051231451 0.244895935 -0.406699240 1 keyframe_0034.png

36 0.748116136 -0.004610734 0.619166791 0.238607362 -0.057620894 0.247938290 -0.415085703 1 keyframe_0035.png

37 0.740987599 -0.006874737 0.625682533 0.243744746 -0.066112652 0.254314274 -0.426744789 1 keyframe_0036.png

38 0.737862229 -0.008335345 0.628106475 0.246925265 -0.069892846 0.258941323 -0.434832096 1 keyframe_0037.png

39 0.737182558 -0.003535008 0.629641235 0.245155960 -0.049074747 0.288648903 -0.505663037 1 keyframe_0038.png

40 0.738250375 -0.010936147 0.626411021 0.249951988 -0.040550712 0.290282458 -0.528588295 1 keyframe_0039.png

41 0.737689793 -0.010558909 0.627034009 0.250061274 -0.037551872 0.292725652 -0.539590836 1 keyframe_0040.png

42 0.734911680 -0.007703558 0.630210459 0.250360221 -0.037367456 0.297066361 -0.548933387 1 keyframe_0041.png

43 0.728809476 -0.006044986 0.636488140 0.252354980 -0.043601830 0.302211493 -0.558369339 1 keyframe_0042.png

44 0.719265640 -0.004890121 0.646094859 0.255332112 -0.056083828 0.306614190 -0.567112446 1 keyframe_0043.png

45 0.706691921 -0.004306856 0.658023894 0.259947300 -0.074604116 0.311999500 -0.574646711 1 keyframe_0044.png

46 0.684059381 -0.004903413 0.678982556 0.266498387 -0.107595235 0.321277767 -0.591277182 1 keyframe_0045.png

47 0.676802337 -0.005012821 0.685713828 0.267787308 -0.117220208 0.324989736 -0.601067722 1 keyframe_0046.png

48 0.666700900 -0.004060866 0.694384158 0.270784408 -0.122470818 0.350851148 -0.644093275 1 keyframe_0047.png

49 0.666825354 -0.004142633 0.694782913 0.269450605 -0.118852511 0.358278632 -0.656113982 1 keyframe_0048.png

50 0.667345703 -0.002963991 0.694713295 0.268354923 -0.114010736 0.367635339 -0.667207062 1 keyframe_0049.png

51 0.668157816 -0.000819509 0.695112467 0.265298218 -0.107925288 0.376771867 -0.678905606 1 keyframe_0050.png

52 0.670083463 -0.001382365 0.695944667 0.258161336 -0.092947014 0.395196348 -0.718603373 1 keyframe_0051.png

53 0.670525253 0.000143080 0.694758952 0.260203719 -0.086697437 0.415256590 -0.740116596 1 keyframe_0052.png

54 0.670744240 0.001295926 0.694581747 0.260108948 -0.082966834 0.425265282 -0.750913978 1 keyframe_0053.png

55 0.670764208 0.002040636 0.694758952 0.259578884 -0.080106631 0.435420364 -0.761747003 1 keyframe_0054.png

56 0.670218527 0.003020395 0.695129752 0.259985924 -0.075704917 0.458178133 -0.783012211 1 keyframe_0055.png

57 0.669334829 0.002435627 0.696493506 0.258615106 -0.074846938 0.471971214 -0.801007509 1 keyframe_0056.png

58 0.669006944 0.005512176 0.697748482 0.256020218 -0.072374791 0.483051956 -0.812031567 1 keyframe_0057.png

59 0.668940067 0.004736577 0.699690759 0.250857800 -0.069958664 0.485677749 -0.827923417 1 keyframe_0058.png

60 0.668413401 0.003226676 0.701815009 0.246310487 -0.069943123 0.487590313 -0.843764246 1 keyframe_0059.png

61 0.668751180 -0.000815824 0.703071713 0.241787821 -0.067773499 0.485568196 -0.861777723 1 keyframe_0060.png

62 0.668774843 -0.012839282 0.707724571 0.227379456 -0.066447176 0.467097938 -0.904095352 1 keyframe_0061.png

63 0.668613076 -0.013953814 0.709032238 0.223685279 -0.066214539 0.467483878 -0.918634355 1 keyframe_0062.png

64 0.668301880 -0.011862033 0.710544050 0.219906852 -0.065455198 0.471926570 -0.930550218 1 keyframe_0063.png

65 0.670389950 -0.007531212 0.708276033 0.221055761 -0.060146850 0.487461269 -0.936047912 1 keyframe_0064.png

66 0.702283382 0.007485586 0.680522084 0.208882019 0.034453418 0.520025969 -0.951648355 1 keyframe_0065.png

67 0.728071868 0.016078914 0.657320142 0.193863526 0.114854358 0.526106775 -0.958926380 1 keyframe_0066.png

68 0.752462506 0.015182476 0.632587254 0.182764903 0.189200953 0.522971570 -0.965254605 1 keyframe_0067.png

69 0.768011987 0.000848876 0.613519967 0.183712006 0.228650436 0.519793808 -0.973440051 1 keyframe_0068.png

70 0.779404819 0.003724950 0.598148406 0.186367095 0.253032237 0.550601780 -0.977413297 1 keyframe_0069.png

71 0.779309213 -0.000883741 0.601919949 0.174266219 0.247151121 0.533929884 -1.000094891 1 keyframe_0070.png

72 0.778719664 -0.007940455 0.604633212 0.167186633 0.237170130 0.520329773 -1.020541310 1 keyframe_0071.png

73 0.777179897 -0.008520880 0.605595291 0.170801476 0.219180450 0.530930519 -1.027497530 1 keyframe_0072.png

74 0.772652686 -0.014624441 0.605795324 0.189225003 0.168570414 0.558313072 -1.033998847 1 keyframe_0073.png

75 0.767728269 -0.032079842 0.615192831 0.176357567 0.123956665 0.513526678 -1.068866849 1 keyframe_0074.png

76 0.766373694 -0.044509429 0.614419281 0.182151824 0.099475414 0.505378783 -1.075053334 1 keyframe_0075.png

77 0.765784442 -0.049610481 0.613309383 0.186988145 0.079655051 0.507766128 -1.073824644 1 keyframe_0076.png

78 0.766599596 -0.046533529 0.610925436 0.192171261 0.062261764 0.525486350 -1.060400486 1 keyframe_0077.png

79 0.767223418 -0.037721995 0.610330820 0.193498388 0.050681148 0.544384241 -1.044767141 1 keyframe_0078.png

80 0.767820358 -0.019983549 0.602678776 0.216404617 0.019165765 0.605127215 -0.993381321 1 keyframe_0079.png

81 0.767542124 -0.014808550 0.600638866 0.223366767 -0.000902135 0.619382203 -0.971403241 1 keyframe_0080.png

82 0.767066896 -0.008688657 0.604582906 0.214505106 -0.013654168 0.613797426 -0.961784422 1 keyframe_0081.png

83 0.766734600 -0.005806419 0.607833862 0.206451774 -0.026739536 0.608419955 -0.953884065 1 keyframe_0082.png

84 0.774970770 -0.005939807 0.598536551 0.202827692 -0.016540380 0.607643187 -0.943500757 1 keyframe_0083.png

85 0.790054679 -0.003696208 0.580309331 0.197588012 0.017978003 0.609911144 -0.930182278 1 keyframe_0084.png

86 0.798729956 -0.007651595 0.567983568 0.198410243 0.026427623 0.605938792 -0.921266437 1 keyframe_0085.png

87 0.801164567 -0.006489320 0.564983308 0.197198391 0.016075987 0.604031801 -0.911929071 1 keyframe_0086.png

88 0.800595582 -0.005905084 0.564446330 0.201027766 -0.006984057 0.608690560 -0.899770856 1 keyframe_0087.png

89 0.799944222 0.000754910 0.563892186 0.205217600 -0.033391088 0.624498069 -0.878841281 1 keyframe_0088.png

90 0.799902678 0.010090499 0.562521040 0.208863869 -0.050385728 0.641708255 -0.858541071 1 keyframe_0089.png

91 0.800167024 0.019751078 0.560703754 0.212023467 -0.066012077 0.658620536 -0.839917481 1 keyframe_0090.png

92 0.800761759 0.017920094 0.567382157 0.191146508 -0.078806140 0.639596045 -0.853819489 1 keyframe_0091.png

93 0.800554633 0.014326250 0.570139706 0.183977902 -0.099025823 0.633357406 -0.860063434 1 keyframe_0092.png

94 0.800107181 0.008691889 0.569458544 0.188334540 -0.128404900 0.632229269 -0.861753106 1 keyframe_0093.png

95 0.799699903 0.003479838 0.568245173 0.193817928 -0.158769891 0.630441606 -0.862843931 1 keyframe_0094.png

96 0.799564004 -0.006300429 0.564913273 0.203790978 -0.192940682 0.626104951 -0.865658879 1 keyframe_0095.png

97 0.799828410 -0.008824413 0.563579082 0.206337705 -0.219027892 0.628066242 -0.866254151 1 keyframe_0096.png

98 0.800206602 0.009227605 0.559442580 0.215889543 -0.256474078 0.667124748 -0.840965033 1 keyframe_0097.png

99 0.800748467 0.016647918 0.556001186 0.222232834 -0.270846575 0.685380936 -0.829352438 1 keyframe_0098.png

100 0.801055551 0.025308082 0.550895452 0.232773930 -0.292862177 0.711951375 -0.814685702 1 keyframe_0099.png

101 0.802186012 0.029001214 0.556465507 0.214482561 -0.297510654 0.718741536 -0.829468846 1 keyframe_0100.png

102 0.802711785 0.026489144 0.558213651 0.208205819 -0.308966041 0.719903052 -0.843120456 1 keyframe_0101.png

103 0.802994072 0.017649202 0.559273779 0.205187529 -0.321078449 0.707566261 -0.862031281 1 keyframe_0102.png

104 0.802815199 0.007136502 0.560144782 0.204143703 -0.341655582 0.694550633 -0.884814680 1 keyframe_0103.png

105 0.802459419 0.001820307 0.560158849 0.205615520 -0.356258035 0.688680470 -0.897042572 1 keyframe_0104.png

106 0.802120149 -0.002370851 0.559800267 0.207897425 -0.370337516 0.684246004 -0.907106876 1 keyframe_0105.png

107 0.801500201 -0.006696464 0.558744371 0.212972552 -0.387316078 0.680518985 -0.915927470 1 keyframe_0106.png

108 0.801190197 -0.009796136 0.558473408 0.214722648 -0.400144875 0.676610589 -0.925813198 1 keyframe_0107.png

109 0.800844967 -0.012245112 0.558868527 0.214856565 -0.411313385 0.672538877 -0.936201751 1 keyframe_0108.png

110 0.800393939 -0.013274097 0.559493899 0.214848429 -0.422209382 0.670873761 -0.944504559 1 keyframe_0109.png

111 0.799971223 -0.012164089 0.560494065 0.213879555 -0.435677797 0.674349248 -0.954159856 1 keyframe_0110.png

112 0.803828180 -0.010580393 0.556583047 0.209675193 -0.427859694 0.680200458 -0.965962172 1 keyframe_0111.png

113 0.819866598 -0.008415069 0.537093163 0.198188990 -0.373123109 0.692269444 -0.997693300 1 keyframe_0112.png

114 0.834634066 -0.008419077 0.517333508 0.188894540 -0.317411035 0.697974980 -1.024315238 1 keyframe_0113.png

115 0.850449622 -0.012178514 0.495144576 0.177254125 -0.251949877 0.694296002 -1.055056930 1 keyframe_0114.png

116 0.865925550 -0.016872505 0.472306609 0.163752154 -0.182357594 0.685716152 -1.084899426 1 keyframe_0115.png

117 0.881015778 -0.020852750 0.448185891 0.150019556 -0.108170688 0.676035047 -1.110731006 1 keyframe_0116.png

118 0.895454288 -0.019635018 0.424297869 0.133219525 -0.028265266 0.671656489 -1.127038836 1 keyframe_0117.png

119 0.907631993 -0.015504579 0.403329909 0.115276672 0.045910891 0.668378830 -1.136409521 1 keyframe_0118.png

120 0.928231657 -0.016304594 0.360449314 0.090534508 0.177738860 0.650316775 -1.150507689 1 keyframe_0119.png

121 0.937161148 -0.022048283 0.338503212 0.081599243 0.237540066 0.633892894 -1.155455589 1 keyframe_0120.png

122 0.944932878 -0.026487663 0.318159431 0.071936607 0.293444455 0.618112922 -1.157068372 1 keyframe_0121.png

123 0.950687885 -0.030415982 0.301847368 0.064463846 0.335958511 0.605819702 -1.157345176 1 keyframe_0122.png

124 0.954350829 -0.031717129 0.290958524 0.059595440 0.362374783 0.600573421 -1.156097054 1 keyframe_0123.png

125 0.956979096 -0.025173176 0.281112969 0.067326322 0.371503592 0.627122104 -1.141654611 1 keyframe_0124.png

126 0.958773792 -0.016321702 0.270337969 0.086045235 0.360407472 0.672474802 -1.123374939 1 keyframe_0125.png

127 0.958253622 -0.015518035 0.270482630 0.091369480 0.339543939 0.679917574 -1.127049088 1 keyframe_0126.png

128 0.961896658 -0.016962616 0.257654101 0.089896873 0.358414620 0.675143063 -1.124947071 1 keyframe_0127.png

129 0.968067884 -0.018021971 0.235694900 0.083472855 0.405256540 0.666839361 -1.113356233 1 keyframe_0128.png

130 0.970947385 -0.018932840 0.225111023 0.078916609 0.429813862 0.660790563 -1.107910633 1 keyframe_0129.png

131 0.974625468 -0.019910472 0.211130083 0.071644172 0.465775013 0.651806474 -1.098491669 1 keyframe_0130.png

132 0.987628281 -0.017333049 0.152196810 0.033557434 0.626671970 0.612545848 -1.037571192 1 keyframe_0131.png

133 0.994369984 -0.015681282 0.104492784 0.007979649 0.741473019 0.580191910 -0.973546147 1 keyframe_0132.png

134 0.996699154 -0.014087741 0.079868011 -0.003663772 0.798471928 0.566212714 -0.933722138 1 keyframe_0133.png

135 0.998723567 -0.014756964 0.041506775 -0.024713343 0.875967026 0.527388215 -0.875413299 1 keyframe_0134.png

136 0.998944461 -0.022626694 0.028233072 -0.028299715 0.893090427 0.505679727 -0.863475204 1 keyframe_0135.png

137 0.998542666 -0.036022738 0.021425206 -0.033998001 0.900500774 0.471480817 -0.867356062 1 keyframe_0136.png

138 0.998615444 -0.038099993 0.015503877 -0.032790910 0.896166444 0.467598140 -0.859891653 1 keyframe_0137.png

139 0.998826087 -0.027434789 0.019364716 -0.034912575 0.868129849 0.479775459 -0.852448046 1 keyframe_0138.png

140 0.998694837 -0.028532255 0.022669725 -0.035785716 0.852738261 0.476702005 -0.856854022 1 keyframe_0139.png

141 0.998562872 -0.028898729 0.026820298 -0.036301445 0.835450590 0.476281673 -0.860524952 1 keyframe_0140.png

142 0.998443961 -0.028948495 0.031755846 -0.035541020 0.814099193 0.477576137 -0.864860594 1 keyframe_0141.png

143 0.998420537 -0.030899966 0.034864251 -0.031403117 0.792524576 0.480651289 -0.867249429 1 keyframe_0142.png

144 0.998258114 -0.037513338 0.039559923 -0.022551371 0.748869121 0.482344747 -0.870504141 1 keyframe_0143.png

145 0.998128593 -0.034064468 0.044739000 -0.024027349 0.714197099 0.485981792 -0.860374987 1 keyframe_0144.png

146 0.997985959 -0.031031245 0.046796676 -0.029515270 0.702222824 0.482384294 -0.852226257 1 keyframe_0145.png

147 0.997861385 -0.030101586 0.047475427 -0.033355922 0.690162063 0.477166623 -0.844120026 1 keyframe_0146.png

148 0.997714341 -0.030711247 0.047540210 -0.036916431 0.678425729 0.469108492 -0.836569130 1 keyframe_0147.png

149 0.997619629 -0.030535478 0.048393846 -0.038480747 0.661948264 0.463199317 -0.829752862 1 keyframe_0148.png

150 0.997606635 -0.029453406 0.048776157 -0.039170928 0.645273805 0.458223194 -0.821507514 1 keyframe_0149.png

151 0.997752368 -0.027566090 0.047801204 -0.038018346 0.619626999 0.452316195 -0.806122839 1 keyframe_0150.png

152 0.998003721 -0.025691986 0.046012558 -0.034804177 0.601574302 0.452777892 -0.793466747 1 keyframe_0151.png

153 0.998131037 -0.027513050 0.044072513 -0.032173462 0.582963586 0.445296198 -0.784129143 1 keyframe_0152.png

154 0.998336971 -0.032069206 0.039749224 -0.026737118 0.564911544 0.438140690 -0.774349809 1 keyframe_0153.png

155 0.998730063 -0.034086686 0.033770531 -0.015358386 0.543370068 0.441607118 -0.760206223 1 keyframe_0154.png

156 0.999103725 -0.030551363 0.028639026 -0.006176940 0.522652626 0.450466245 -0.741317391 1 keyframe_0155.png

157 0.999321520 -0.027429231 0.024565501 0.000864343 0.502849281 0.456190109 -0.724146426 1 keyframe_0156.png

158 0.999465466 -0.023844620 0.022265961 0.002112070 0.485747367 0.456622630 -0.707685113 1 keyframe_0157.png

159 0.999535263 -0.022209203 0.020717893 0.002602433 0.468757123 0.452412486 -0.694488883 1 keyframe_0158.png

160 0.999528468 -0.022203125 0.021178858 0.001166123 0.441917390 0.439285964 -0.679692984 1 keyframe_0159.png

161 0.999542117 -0.020884706 0.021805685 0.001983790 0.414112777 0.427486718 -0.664105415 1 keyframe_0160.png

162 0.999510288 -0.020257805 0.023842864 -0.000533435 0.396991998 0.415872753 -0.655055642 1 keyframe_0161.png

163 0.999558806 -0.015044818 0.025587859 0.001043570 0.376484275 0.413023859 -0.641592324 1 keyframe_0162.png

164 0.999528944 0.011748725 0.028199099 0.002949880 0.347351551 0.428797513 -0.606638134 1 keyframe_0163.png

165 0.998688161 0.039169788 0.031462174 0.009892403 0.305632770 0.438894868 -0.568469763 1 keyframe_0164.png

166 0.999056041 0.026466617 0.032869685 0.010305628 0.281909555 0.405814111 -0.570512533 1 keyframe_0165.png

167 0.999376416 -0.004212780 0.032827586 0.012303764 0.257124186 0.354326516 -0.585203111 1 keyframe_0166.png

168 0.999400914 -0.012936644 0.027876360 0.015919125 0.225904182 0.314673483 -0.574615240 1 keyframe_0167.png

169 0.999551475 -0.004078400 0.024155684 0.017227825 0.210178584 0.307523102 -0.558474541 1 keyframe_0168.png

