1 0.999935329 0.011273632 0.000174123 -0.001506935 0.002097350 -0.064013198 -0.021194359 1 keyframe_0000_id2.png

2 0.999791503 0.019603338 0.000709653 -0.005673037 0.003942470 -0.161609858 -0.055655427 1 keyframe_0001_id4.png

3 0.999687672 0.024449380 0.001258170 -0.005017207 0.005670540 -0.219220087 -0.076194294 1 keyframe_0002_id5.png

4 0.999421716 0.033869598 0.002160331 -0.002112929 0.009053187 -0.267030120 -0.093621232 1 keyframe_0003_id6.png

5 0.998732865 0.050246116 0.002800940 -0.000383002 0.011970486 -0.300417691 -0.111714721 1 keyframe_0004_id7.png

6 0.998023391 0.062691636 0.004346010 0.000424717 0.017067373 -0.237078339 -0.089631140 1 keyframe_0005_id8.png

7 0.998687446 0.050746333 -0.001448303 0.006791425 0.019754760 -0.154521853 -0.055246685 1 keyframe_0006_id9.png

8 0.999386191 0.027800415 -0.014310199 0.015800498 0.020044070 -0.007213189 -0.005030105 1 keyframe_0007_id10.png

9 0.998033464 0.057266440 -0.024331884 0.007598371 -0.008773249 -0.256526798 -0.107326627 1 keyframe_0008_id37.png

10 0.998736978 -0.022565896 -0.044568028 0.005376109 -0.006551825 0.312997371 0.048401125 1 keyframe_0009_id47.png

11 0.980238676 0.194526553 -0.031875137 -0.016598573 -0.041120395 -0.089586951 0.054755513 1 keyframe_0010_id61.png

12 0.982935786 0.181793258 -0.025083587 -0.012621676 -0.053555127 -0.080325581 0.049515061 1 keyframe_0011_id62.png

13 0.981374025 0.190646216 -0.022030530 -0.008584397 -0.108855203 -0.058030456 0.018078316 1 keyframe_0012_id65.png

14 0.980775416 0.192688361 -0.026191382 -0.016273350 -0.188828036 -0.041623045 0.003611647 1 keyframe_0013_id67.png

15 0.979784489 0.190050885 -0.054793362 -0.030012343 -0.377639472 -0.001185742 -0.042903468 1 keyframe_0014_id70.png

16 0.977389276 0.199936405 -0.060576342 -0.032652035 -0.426726520 0.002042282 -0.060780432 1 keyframe_0015_id71.png

17 0.978722572 0.194316551 -0.055454269 -0.035608895 -0.458801210 0.000246390 -0.065642506 1 keyframe_0016_id72.png

18 0.978735387 0.197299838 -0.045598250 -0.032720696 -0.326501518 -0.026344096 -0.021854920 1 keyframe_0017_id73.png

19 0.980942309 0.189501479 -0.033444066 -0.026887642 -0.218796059 -0.043184739 0.009641598 1 keyframe_0018_id74.png

20 0.981920183 0.188265309 -0.014038084 -0.013854310 0.096505441 -0.077741973 0.055193689 1 keyframe_0019_id77.png

21 0.982316732 0.186703131 -0.007363772 -0.011898989 0.187786087 -0.089571901 0.059689611 1 keyframe_0020_id78.png

22 0.980793715 0.194773704 0.005125959 -0.008980264 0.267097414 -0.104272470 0.053848397 1 keyframe_0021_id79.png

23 0.980915725 0.193412468 0.017631823 -0.009226253 0.326348186 -0.113370515 0.046528775 1 keyframe_0022_id80.png

24 0.982499719 0.184440926 0.024554413 -0.008546524 0.355554998 -0.112555139 0.047599796 1 keyframe_0023_id81.png

25 0.983362973 0.181615174 0.001835674 -0.003133695 0.226372838 -0.101959340 0.082719170 1 keyframe_0024_id82.png

26 0.981253862 0.191881478 -0.009285893 -0.015366415 -0.101668335 -0.083250798 0.056313708 1 keyframe_0025_id84.png

27 0.980406642 0.195634693 -0.014583972 -0.017809836 -0.172913998 -0.079018988 0.040033415 1 keyframe_0026_id85.png

28 0.980291545 0.195393398 -0.020482756 -0.020746639 -0.219284415 -0.078646980 0.019393377 1 keyframe_0027_id86.png

29 0.987461686 0.144878477 -0.059277900 -0.020389643 -0.262496144 -0.067565151 -0.036053073 1 keyframe_0028_id88.png

30 0.988432288 0.130496949 -0.072900109 -0.025646158 -0.272171229 -0.052809842 -0.055367757 1 keyframe_0029_id89.png

31 0.982134342 0.154584914 -0.097413711 -0.045014225 -0.304876417 0.006348792 -0.138296217 1 keyframe_0030_id91.png

32 0.983936727 0.158228606 -0.070786178 -0.042679735 -0.287361175 0.074243665 -0.213419706 1 keyframe_0031_id93.png

33 0.978520393 0.178722858 0.102727376 0.001775633 0.212070435 -0.090187356 -0.062695689 1 keyframe_0032_id99.png

34 0.978907466 0.190304950 0.072806142 -0.014947318 0.179968759 -0.163244873 0.005966659 1 keyframe_0033_id100.png

35 0.981543839 0.186508402 0.017981982 -0.038248654 0.089609265 -0.211771578 0.076026909 1 keyframe_0034_id101.png

36 0.982563615 0.171829134 -0.041498758 -0.057630632 -0.041407291 -0.217698738 0.114920460 1 keyframe_0035_id102.png

37 0.977086782 0.169441059 -0.103938051 -0.076079860 -0.206839085 -0.174915865 0.062011562 1 keyframe_0036_id103.png

38 0.974655151 0.167732000 -0.128704891 -0.073132403 -0.297343045 -0.116399758 -0.021311089 1 keyframe_0037_id104.png

39 0.976798892 0.151998654 -0.135647267 -0.066031553 -0.353827536 -0.052786693 -0.115736209 1 keyframe_0038_id105.png

40 0.979192317 0.141226411 -0.129528522 -0.066782653 -0.359084219 0.005037373 -0.194701970 1 keyframe_0039_id106.png

41 0.987151802 0.158686966 0.018619848 0.001754323 -0.063502736 -0.185496524 -0.021549057 1 keyframe_0040_id113.png

42 0.984990716 0.167032942 -0.040421497 -0.016107192 -0.191558287 -0.229928792 0.011444466 1 keyframe_0041_id114.png

43 0.983737767 0.167656362 -0.057595283 -0.028881976 -0.210626975 -0.257957608 0.059533361 1 keyframe_0042_id115.png

44 0.985816956 0.154752836 -0.059246842 -0.026576735 -0.114180140 -0.309870631 0.196814537 1 keyframe_0043_id116.png

45 0.986164451 0.154273316 -0.056989476 -0.020776037 -0.052717216 -0.334577501 0.255695790 1 keyframe_0044_id117.png

46 0.984679997 0.168803081 -0.043679636 -0.001729743 -0.049576290 -0.209051669 0.050739646 1 keyframe_0045_id118.png

47 0.980334699 0.175638646 0.072956629 0.052652352 0.058521848 -0.186148182 -0.028801288 1 keyframe_0046_id124.png

48 0.980220199 0.179127783 0.061427061 0.057518154 0.032422472 -0.223588079 -0.047370423 1 keyframe_0047_id125.png

49 0.988586009 0.104541853 0.096701033 0.049168937 -0.048850831 -0.225060403 -0.189562619 1 keyframe_0048_id127.png

50 0.991151333 0.069343612 0.103996702 0.044667955 -0.078108512 -0.261545926 -0.246966943 1 keyframe_0049_id128.png

51 0.995395005 -0.025046414 0.091002136 0.016733844 -0.114757389 -0.353146434 -0.283289969 1 keyframe_0050_id134.png

52 0.995379567 -0.025735613 0.090745144 0.017959073 -0.114002287 -0.353997529 -0.283138990 1 keyframe_0051_id135.png

53 0.995365739 -0.025507888 0.091215633 0.016618442 -0.114870436 -0.353509963 -0.283079028 1 keyframe_0052_id136.png

54 0.996005476 -0.016945401 0.086067624 0.016684201 -0.115190066 -0.348454565 -0.288465351 1 keyframe_0053_id138.png

55 0.996810853 -0.002241325 0.071373180 0.035623223 -0.143403992 -0.358804256 -0.265946567 1 keyframe_0054_id141.png

56 0.996097684 0.013601377 0.064110167 0.059113119 -0.153194457 -0.356847018 -0.247986406 1 keyframe_0055_id142.png

57 0.995245934 0.030573577 0.061875828 0.068718091 -0.168053806 -0.328408688 -0.219445899 1 keyframe_0056_id143.png

58 0.995628536 0.028769480 0.071593337 0.052635886 -0.192148775 -0.261906862 -0.167054906 1 keyframe_0057_id145.png

59 0.994917393 -0.005112033 0.087300830 0.049918607 -0.225557715 0.083253257 -0.183655173 1 keyframe_0058_id152.png

60 0.995120287 0.000258921 0.087306783 0.045968104 -0.291369557 0.112350643 -0.106046796 1 keyframe_0059_id154.png

61 0.997226298 0.021896986 0.059196018 0.039448090 -0.329348028 0.114374034 -0.084730744 1 keyframe_0060_id155.png

62 0.998209357 0.033506304 0.033708774 0.036319681 -0.366714954 0.103692010 -0.108102560 1 keyframe_0061_id156.png

63 0.999525666 0.020168632 0.009419076 0.021284603 -0.584172845 0.296984941 -0.198600233 1 keyframe_0062_id160.png

64 0.999598324 0.021343382 -0.006120697 0.017613620 -0.649321914 0.345687032 -0.239434034 1 keyframe_0063_id161.png

65 0.999698102 0.011710973 -0.021108927 0.004581645 -0.704443514 0.392332166 -0.313773155 1 keyframe_0064_id162.png

66 0.998873293 0.009496026 -0.044626802 -0.013055700 -0.753172934 0.421523929 -0.414856434 1 keyframe_0065_id163.png

67 0.995686412 0.027327035 -0.086026594 -0.021478593 -0.799363256 0.429195851 -0.547610998 1 keyframe_0066_id164.png

68 0.991202652 0.031884551 -0.124293290 -0.032432791 -0.833583057 0.435504824 -0.728225589 1 keyframe_0067_id165.png

69 0.989299417 0.018291250 -0.140192151 -0.036031887 -0.868592799 0.449454963 -0.862971723 1 keyframe_0068_id166.png

70 0.987783253 0.006330430 -0.151675209 -0.035196636 -0.968381166 0.523480773 -1.075605035 1 keyframe_0069_id168.png

71 0.988062799 0.010688012 -0.151140660 -0.027823517 -1.040759563 0.585483313 -1.148415804 1 keyframe_0070_id169.png

72 0.990733802 0.008993929 -0.134234279 -0.018623542 -1.522891879 0.792797029 -2.014142990 1 keyframe_0071_id175.png

73 0.990479827 0.004731684 -0.136897743 -0.013648346 -1.544634581 0.793958664 -2.118850470 1 keyframe_0072_id176.png

74 0.996255040 0.023492979 -0.080767505 -0.020016905 -1.860911250 0.930281758 -2.306448460 1 keyframe_0073_id180.png

75 0.999428868 0.014705420 -0.024374533 0.018209338 -2.275858641 0.815919399 -2.388430595 1 keyframe_0074_id182.png

76 0.999344409 0.026589390 -0.023740254 0.006337716 -2.349332333 0.973172784 -2.713610888 1 keyframe_0075_id184.png

77 0.999352992 0.024439994 -0.026378270 -0.000727218 -2.348494768 1.045885086 -2.855077028 1 keyframe_0076_id185.png

78 0.999463081 0.015444253 -0.028655384 0.003730551 -2.486818552 1.147314310 -3.285075665 1 keyframe_0077_id187.png

79 0.999542058 0.002290382 -0.027610583 0.012171021 -2.584018230 1.096541882 -3.501176119 1 keyframe_0078_id188.png

80 0.999640465 0.001615903 -0.015905472 0.021527078 -2.762803316 1.083175778 -3.630639315 1 keyframe_0079_id189.png

81 0.999609590 0.010255143 -0.002735302 0.025845714 -2.935085058 1.183898568 -3.708175421 1 keyframe_0080_id190.png

82 0.999356151 0.016120173 0.006828607 0.031318620 -3.102023602 1.281962514 -3.838657141 1 keyframe_0081_id191.png

83 0.999442518 0.021487501 0.014144570 0.021281706 -3.201710701 1.452573895 -3.998847723 1 keyframe_0082_id192.png

84 0.999544919 0.020890420 0.015202737 0.015570473 -3.255392551 1.575169325 -4.165995121 1 keyframe_0083_id193.png

85 0.999788940 0.011035737 0.017315360 0.000678090 -3.314361095 1.749351740 -4.396558285 1 keyframe_0084_id194.png

86 0.999519050 0.024911955 0.010316856 0.015317568 -3.423789024 1.960110903 -4.603891850 1 keyframe_0085_id195.png

87 0.999625921 0.001354456 0.006654021 0.026494382 -3.530536890 1.825025439 -4.895434856 1 keyframe_0086_id196.png

88 0.999071598 -0.019483116 0.003150383 0.038295068 -3.662000656 1.691072226 -5.210074425 1 keyframe_0087_id197.png

89 0.998004735 -0.016530827 -0.004340355 0.060782276 -3.755836487 1.632534862 -5.443556786 1 keyframe_0088_id198.png

90 0.999431968 0.007008838 0.011563323 0.030869853 -3.881360769 2.130205870 -5.489090919 1 keyframe_0089_id199.png

91 0.999263346 0.016629366 0.016458787 0.030420445 -3.961942911 2.310666323 -5.591130733 1 keyframe_0090_id200.png

92 0.999313056 0.005445055 0.019414596 0.031094115 -4.013735294 2.382497787 -5.824386597 1 keyframe_0091_id202.png

93 0.999301791 -0.000729322 0.020884374 0.030971328 -4.037766933 2.354099751 -5.992603779 1 keyframe_0092_id203.png

94 0.999115288 0.028134421 0.026570121 0.016465904 -4.043331146 2.811268568 -5.916778088 1 keyframe_0093_id204.png

95 0.998605907 0.041735634 0.026579799 0.018380282 -4.079375267 2.969601393 -5.971298695 1 keyframe_0094_id205.png

96 0.999163210 0.020596756 0.025962768 0.023970934 -4.148840427 2.751593351 -6.290017605 1 keyframe_0095_id206.png

97 0.999306321 0.016887730 0.032727119 0.005543975 -4.175034046 2.949055910 -6.415322304 1 keyframe_0096_id207.png

98 0.999280512 0.019220408 0.031779326 0.007686965 -4.266564846 3.018489838 -6.633880138 1 keyframe_0097_id208.png

99 0.999029338 0.015410472 0.023182299 0.034140289 -4.396329880 2.750610590 -6.930682182 1 keyframe_0098_id209.png

100 0.999030650 0.002148586 0.023671819 0.037051871 -4.508686066 2.534514189 -7.207214832 1 keyframe_0099_id210.png

101 0.996759176 0.004117336 0.063010916 0.049838707 -5.596021175 2.634032249 -7.611902237 1 keyframe_0100_id215.png

102 0.997206092 0.001182956 0.062877133 0.040312171 -5.663071632 2.721336126 -7.858444214 1 keyframe_0101_id217.png

103 0.997291684 0.001258332 0.062298656 0.039072610 -5.698663712 2.723644972 -7.964080334 1 keyframe_0102_id218.png

104 0.998144031 -0.003496366 0.046209287 0.039510034 -5.566737175 2.734054089 -8.329766273 1 keyframe_0103_id221.png

105 0.998872101 -0.005966581 0.031458456 0.035062578 -5.336176872 2.798591375 -8.548883438 1 keyframe_0104_id222.png

106 0.999593258 0.020680996 0.001789088 0.019554064 -4.871041775 3.404746532 -8.816554070 1 keyframe_0105_id225.png

107 0.999800265 0.008744015 0.002899446 0.017735841 -4.911879063 3.238771677 -8.929676056 1 keyframe_0106_id226.png

108 0.998887956 0.039820775 0.007526652 0.024095269 -5.227280617 3.877500296 -8.850829124 1 keyframe_0107_id229.png

109 0.999349773 0.030025551 0.009516683 0.017548429 -5.305476189 3.866042614 -9.104225159 1 keyframe_0108_id231.png

110 0.999873161 0.003881855 0.015374290 -0.001510211 -5.334154129 3.612376928 -9.401375771 1 keyframe_0109_id232.png

111 0.998486280 0.050491299 0.000389086 0.021809282 -5.683679581 4.181301594 -9.914979935 1 keyframe_0110_id236.png

112 0.999034762 0.037843082 -0.000691141 0.022293024 -5.734757423 3.964090109 -10.173609734 1 keyframe_0111_id237.png

113 0.999168932 0.033090923 -0.001618926 0.023744347 -5.798627853 3.887181282 -10.384390831 1 keyframe_0112_id238.png

114 0.999280512 0.030502824 -0.000914816 0.022521455 -5.873022079 3.892315149 -10.566850662 1 keyframe_0113_id239.png

115 0.999455154 0.027177239 -0.001211224 0.018689986 -5.906723976 3.941640615 -10.764468193 1 keyframe_0114_id240.png

116 0.999775350 0.016042471 -0.012977548 0.004848885 -5.612133503 3.969571114 -11.158133507 1 keyframe_0115_id241.png

117 0.999027193 0.005978081 -0.041208748 -0.014520600 -4.882918358 4.062005043 -11.709217072 1 keyframe_0116_id242.png

118 0.992508173 -0.018779073 -0.116142265 -0.032951936 -3.023280144 3.758409739 -12.859249115 1 keyframe_0117_id244.png

119 0.988053381 -0.013251595 -0.149474144 -0.035105962 -2.238718271 4.064368725 -13.308553696 1 keyframe_0118_id245.png

120 0.987504601 -0.006195527 -0.153367817 -0.035701640 -2.205270767 4.379514694 -13.435166359 1 keyframe_0119_id246.png

121 0.987693667 0.002657397 -0.152158067 -0.036085118 -2.313333988 4.703788757 -13.503771782 1 keyframe_0120_id247.png

122 0.988320351 -0.004257605 -0.147144914 -0.039409239 -2.492228746 4.630050182 -13.695545197 1 keyframe_0121_id248.png

123 0.988357842 -0.014768486 -0.145277247 -0.042722285 -2.643282413 4.472691059 -13.981118202 1 keyframe_0122_id249.png

124 0.984539211 -0.010683443 -0.168728083 -0.045818560 -2.085926056 4.636227608 -14.196915627 1 keyframe_0123_id250.png

125 0.968644619 -0.010562059 -0.237977713 -0.070588291 0.009202670 4.705193520 -14.506848335 1 keyframe_0124_id251.png

126 0.942128062 -0.009058033 -0.320152402 -0.099071056 2.583489656 4.646933556 -14.461570740 1 keyframe_0125_id252.png

127 0.928448379 -0.017584179 -0.357433528 -0.099577449 3.130986929 4.841110706 -14.725272179 1 keyframe_0126_id256.png

128 0.909483969 -0.016944924 -0.399384469 -0.114209600 4.444337845 4.828975677 -14.409809113 1 keyframe_0127_id257.png

129 0.856018603 -0.012796904 -0.495673090 -0.146207452 7.402174473 4.528552055 -13.105394363 1 keyframe_0128_id260.png

130 0.860703528 -0.001195858 -0.486628950 -0.149600178 7.003471375 4.973426342 -13.031742096 1 keyframe_0129_id261.png

131 0.864394009 -0.013700665 -0.481480747 -0.144262224 6.702976704 4.631695271 -13.215284348 1 keyframe_0130_id262.png

132 0.838456035 -0.028526710 -0.517377675 -0.168813691 7.888097763 3.935592413 -12.580931664 1 keyframe_0131_id263.png

133 0.787756264 -0.005200197 -0.585209370 -0.192205817 9.874104500 4.025678158 -10.819330215 1 keyframe_0132_id264.png

134 0.749136865 0.007503223 -0.625412643 -0.218166709 11.037777901 3.870475054 -9.462178230 1 keyframe_0133_id266.png

135 0.732655108 0.017527219 -0.639572799 -0.232068792 11.398723602 3.887595415 -8.832055092 1 keyframe_0134_id267.png

136 0.724360287 0.022143526 -0.647805691 -0.234860808 11.477715492 3.932257175 -8.523310661 1 keyframe_0135_id269.png

137 0.725474477 0.017491382 -0.649990261 -0.225596011 11.299386978 3.894901276 -8.629533768 1 keyframe_0136_id270.png

138 0.740565598 -0.002733806 -0.642013431 -0.198428541 10.517642975 3.610057831 -9.399668694 1 keyframe_0137_id274.png

139 0.742530048 -0.006185235 -0.641010284 -0.194207847 10.401985168 3.566990614 -9.501574516 1 keyframe_0138_id275.png

140 0.696683466 -0.002724543 -0.684203804 -0.215615004 11.196976662 3.214647770 -8.079267502 1 keyframe_0139_id282.png

141 0.673543751 0.001215850 -0.701433957 -0.233083129 11.622129440 3.087208509 -7.312026024 1 keyframe_0140_id284.png

142 0.655317724 -0.011093651 -0.721549809 -0.223162457 11.790510178 2.624964952 -6.835298061 1 keyframe_0141_id288.png

143 0.653412580 -0.016635168 -0.723474503 -0.222170919 11.782835960 2.449870110 -6.811431885 1 keyframe_0142_id289.png

144 0.631001890 -0.020240542 -0.739928305 -0.232234925 12.038740158 2.074175596 -6.098789692 1 keyframe_0143_id292.png

145 0.595106721 -0.008204887 -0.757866979 -0.267242104 12.402367592 1.777044177 -4.876729965 1 keyframe_0144_id295.png

146 0.578179598 -0.009476860 -0.768572628 -0.273705482 12.539938927 1.502796769 -4.385616779 1 keyframe_0145_id296.png

147 0.563713372 -0.011202125 -0.778147697 -0.276744932 12.624182701 1.272514582 -3.969277382 1 keyframe_0146_id297.png

148 0.542985201 -0.001103942 -0.791064620 -0.281749249 12.574787140 1.260205150 -3.241998672 1 keyframe_0147_id300.png

149 0.541706145 0.000029840 -0.791735590 -0.282328099 12.508868217 1.281314611 -3.178375721 1 keyframe_0148_id301.png

150 0.543967903 -0.000877369 -0.792955458 -0.274444282 12.327045441 1.383229733 -3.202430487 1 keyframe_0149_id302.png

151 0.545891345 -0.010079411 -0.795822799 -0.261853218 12.234514236 1.298160315 -3.295437813 1 keyframe_0150_id303.png

152 0.550137520 -0.014890434 -0.797429264 -0.247454166 12.033371925 1.323849082 -3.413425684 1 keyframe_0151_id305.png

153 0.551794767 -0.019207528 -0.796434939 -0.246667489 11.943726540 1.225626707 -3.478478670 1 keyframe_0152_id306.png

154 0.554131985 -0.025561273 -0.793669641 -0.249745622 11.806467056 1.038630247 -3.565347672 1 keyframe_0153_id307.png

155 0.554244936 -0.015532811 -0.784244835 -0.278444469 11.468685150 0.983962476 -3.413471460 1 keyframe_0154_id311.png

156 0.553907394 -0.015959743 -0.784384847 -0.278697550 11.375558853 0.941574514 -3.377349854 1 keyframe_0155_id312.png

157 0.550800204 -0.018123746 -0.785767019 -0.280821949 11.302219391 0.823611200 -3.290321350 1 keyframe_0156_id313.png

158 0.548180878 -0.021814520 -0.784441888 -0.289262444 11.211616516 0.636557698 -3.250480652 1 keyframe_0157_id314.png

159 0.545888543 -0.021195268 -0.784509659 -0.293430090 11.118945122 0.577632785 -3.175656080 1 keyframe_0158_id315.png

160 0.541977882 -0.005378111 -0.790594399 -0.284941316 10.926136971 0.911843657 -2.888418674 1 keyframe_0159_id317.png

161 0.540665269 0.002211394 -0.793045640 -0.280632824 10.812489510 1.077199340 -2.773321867 1 keyframe_0160_id318.png

162 0.539681494 0.006677288 -0.794146597 -0.279339641 10.694234848 1.151627302 -2.706181526 1 keyframe_0161_id319.png

163 0.538852513 0.012653758 -0.795498371 -0.276875734 10.575522423 1.261791825 -2.636573076 1 keyframe_0162_id320.png

164 0.537846386 0.021382643 -0.798789620 -0.268699288 10.345674515 1.430233598 -2.546087980 1 keyframe_0163_id322.png

165 0.536765814 0.014548130 -0.804222882 -0.254747778 10.117670059 1.309924126 -2.571727991 1 keyframe_0164_id324.png

166 0.537091374 -0.000196676 -0.805216908 -0.251313925 9.959890366 0.982683539 -2.699623823 1 keyframe_0165_id326.png

167 0.537557602 -0.002741052 -0.805162311 -0.250475496 9.880183220 0.896074831 -2.729002953 1 keyframe_0166_id327.png

168 0.537675858 0.000389506 -0.803712189 -0.254855335 9.811395645 0.887463093 -2.722924232 1 keyframe_0167_id328.png

169 0.537746251 0.008715557 -0.800778985 -0.263639897 9.678195000 0.939703465 -2.681440115 1 keyframe_0168_id330.png

170 0.537080348 0.008039623 -0.802374721 -0.260144025 9.622636795 0.917481899 -2.657191515 1 keyframe_0169_id331.png

171 0.535781741 0.006470955 -0.804146051 -0.257381469 9.574898720 0.867012858 -2.632342339 1 keyframe_0170_id332.png

172 0.534495831 0.005574708 -0.805034816 -0.257297665 9.533508301 0.805359960 -2.607908487 1 keyframe_0171_id333.png

173 0.531838655 0.014520196 -0.802758038 -0.269288629 9.461692810 0.786871970 -2.523377419 1 keyframe_0172_id335.png

174 0.530947149 0.019437237 -0.801404893 -0.274713516 9.431252480 0.786242843 -2.493219614 1 keyframe_0173_id336.png

175 0.530351520 0.021696920 -0.800549328 -0.278167814 9.402037621 0.746259093 -2.485879183 1 keyframe_0174_id337.png

176 0.529592752 0.033890761 -0.796072125 -0.290950567 9.335646629 0.785775959 -2.487318277 1 keyframe_0175_id340.png

177 0.530641198 0.023130128 -0.806331098 -0.260221124 9.316078186 0.706132710 -2.569701433 1 keyframe_0176_id341.png

178 0.530745268 0.025768366 -0.810146630 -0.247604609 9.319752693 0.783097744 -2.573428392 1 keyframe_0177_id342.png

179 0.531453133 0.016719695 -0.810493827 -0.245719180 9.343187332 0.541062951 -2.711834908 1 keyframe_0178_id343.png

180 0.531801343 0.005503733 -0.809119582 -0.249965221 9.386723518 0.215072289 -2.853772163 1 keyframe_0179_id345.png

181 0.533505857 -0.000439373 -0.806090713 -0.256103605 9.505875587 -0.041737247 -2.989235163 1 keyframe_0180_id348.png

182 0.533950686 -0.011703172 -0.804947495 -0.258494169 9.543118477 -0.274530679 -3.050529718 1 keyframe_0181_id349.png

183 0.535367727 -0.017723918 -0.803793728 -0.258810312 9.592380524 -0.370873570 -3.077683210 1 keyframe_0182_id350.png

184 0.535387635 -0.008478991 -0.805189908 -0.254867435 9.673666954 -0.161751553 -2.957271576 1 keyframe_0183_id351.png

185 0.534085214 0.005058530 -0.806790471 -0.252619654 9.746322632 0.091517508 -2.806331396 1 keyframe_0184_id352.png

186 0.531624734 0.004157314 -0.800272703 -0.277347475 9.842323303 -0.132749692 -2.748157501 1 keyframe_0185_id354.png

187 0.530454576 -0.014383067 -0.798437417 -0.284444630 9.857014656 -0.565916300 -2.814535618 1 keyframe_0186_id355.png

188 0.529019773 -0.014736556 -0.791798830 -0.304918855 9.892956734 -0.802708983 -2.844979286 1 keyframe_0187_id357.png

189 0.528040171 -0.000080975 -0.794226110 -0.300630063 9.953425407 -0.544893265 -2.716372490 1 keyframe_0188_id358.png

190 0.527741849 0.052018255 -0.797442555 -0.287868321 10.080108643 0.366835982 -2.511034250 1 keyframe_0189_id362.png

191 0.529161811 0.057694100 -0.801171064 -0.273466796 10.108336449 0.555179954 -2.513012171 1 keyframe_0190_id363.png

192 0.530639648 0.058544103 -0.804560840 -0.260146230 10.146415710 0.672973037 -2.554928541 1 keyframe_0191_id364.png

193 0.533998430 0.049924351 -0.807335794 -0.246094048 10.213598251 0.639300466 -2.722764730 1 keyframe_0192_id365.png

194 0.543220341 0.016180092 -0.803617060 -0.242589235 10.371182442 0.108289041 -3.289374828 1 keyframe_0193_id367.png

195 0.554087818 -0.004052035 -0.794630647 -0.248057291 10.529795647 -0.309409976 -3.862217665 1 keyframe_0194_id369.png

196 0.560140550 0.003640516 -0.790485978 -0.247712076 10.686968803 -0.108791918 -4.066385746 1 keyframe_0195_id370.png

197 0.563128889 0.009061698 -0.785080433 -0.257783562 10.807836533 -0.002528450 -4.204334736 1 keyframe_0196_id371.png

198 0.565982223 0.008862996 -0.780172169 -0.266302615 10.912806511 0.008371366 -4.368304729 1 keyframe_0197_id372.png

199 0.567001164 -0.006024389 -0.779863119 -0.265117019 11.015855789 -0.256885380 -4.524847507 1 keyframe_0198_id373.png

200 0.565326273 0.011390138 -0.784273446 -0.255326509 11.274193764 0.227934971 -4.398783207 1 keyframe_0199_id374.png

201 0.561515450 0.015905377 -0.789480627 -0.247321442 11.576022148 0.439722270 -4.314174175 1 keyframe_0200_id375.png

202 0.558544040 -0.015635768 -0.786784530 -0.262210310 11.785202980 -0.310275108 -4.536936283 1 keyframe_0201_id376.png

203 0.561395943 -0.015551517 -0.784881234 -0.261828840 12.209784508 -0.262479961 -4.717146873 1 keyframe_0202_id378.png

204 0.564988852 0.008043634 -0.779894888 -0.269233882 12.409582138 0.342276722 -4.703072548 1 keyframe_0203_id379.png

205 0.566869676 -0.004900321 -0.768462121 -0.296817660 12.492040634 -0.078131810 -5.010802746 1 keyframe_0204_id380.png

206 0.568241656 0.001219346 -0.783815026 -0.250467777 12.715452194 0.361265272 -4.861329556 1 keyframe_0205_id381.png

207 0.569008112 -0.000217972 -0.774179161 -0.277265877 13.055445671 0.188168973 -5.169322968 1 keyframe_0206_id384.png

208 0.564459205 0.009760042 -0.779666543 -0.270944029 13.279796600 0.451283127 -5.004955769 1 keyframe_0207_id385.png

209 0.559988916 0.015211923 -0.783523679 -0.268833905 13.449352264 0.547858596 -4.897714138 1 keyframe_0208_id386.png

210 0.554783821 0.015109305 -0.788110852 -0.266210288 13.667256355 0.477957070 -4.850968838 1 keyframe_0209_id387.png

211 0.552028000 0.026471037 -0.795568168 -0.248265401 13.866889000 0.856357276 -4.704782486 1 keyframe_0210_id388.png

212 0.550740242 0.001180877 -0.797486424 -0.246372357 14.190120697 0.200138614 -4.983147144 1 keyframe_0211_id390.png

213 0.549796402 -0.001527004 -0.798581481 -0.244927004 14.396442413 0.117872931 -5.020009518 1 keyframe_0212_id391.png

214 0.550963163 -0.010750819 -0.802021980 -0.230401352 14.581368446 -0.057553351 -5.092764378 1 keyframe_0213_id392.png

215 0.553837657 -0.035682008 -0.796991467 -0.238317281 14.655744553 -0.833565354 -5.390193462 1 keyframe_0214_id393.png

216 0.556066692 -0.055216953 -0.782976866 -0.273291349 14.610123634 -1.642000794 -5.760327816 1 keyframe_0215_id394.png

217 0.564328730 -0.080366015 -0.772772253 -0.279101223 14.429378510 -2.334968567 -6.191258430 1 keyframe_0216_id395.png

218 0.585618019 -0.097552754 -0.751411736 -0.287950575 13.981291771 -2.696856499 -7.006712914 1 keyframe_0217_id396.png

219 0.638260543 -0.097056575 -0.710392892 -0.280259877 12.939922333 -2.056455135 -8.534854889 1 keyframe_0218_id397.png

220 0.788028181 0.052931543 -0.592813790 -0.157422051 6.958505154 3.608803988 -9.471176147 1 keyframe_0219_id403.png

221 0.823281050 0.044208292 -0.539569974 -0.170640513 5.474297047 3.479030132 -10.170726776 1 keyframe_0220_id404.png

222 0.861839056 -0.002503593 -0.478764296 -0.167367876 4.237093449 2.750101805 -11.893812180 1 keyframe_0221_id405.png

223 0.870259941 0.036558814 -0.472239703 -0.135280639 4.027802944 3.686348915 -12.399460793 1 keyframe_0222_id406.png

224 0.887120366 0.011263852 -0.449325770 -0.104866512 3.254686594 3.066979408 -13.191864967 1 keyframe_0223_id407.png

225 0.919335723 -0.003969044 -0.372217983 -0.127514198 1.236192822 3.117920399 -13.950160980 1 keyframe_0224_id408.png

226 0.955894232 0.026068233 -0.287674636 -0.053197961 -1.694155335 3.397137403 -14.353582382 1 keyframe_0225_id409.png

227 0.969102681 0.010456479 -0.236191481 -0.070315756 -3.018896341 3.418833017 -14.523865700 1 keyframe_0226_id410.png

228 0.999353170 0.005700128 -0.034816530 0.006971788 -9.101877213 2.573348284 -13.377276421 1 keyframe_0227_id415.png

229 0.994469047 0.005402873 0.059403371 0.086448997 -11.824328423 0.944265008 -11.626487732 1 keyframe_0228_id417.png

230 0.989865363 0.001374092 0.101265565 0.099548809 -12.767341614 0.468618244 -10.700728416 1 keyframe_0229_id418.png

231 0.973265886 -0.006516782 0.211001545 0.090495668 -14.737358093 0.310395598 -7.828251839 1 keyframe_0230_id420.png

232 0.965021253 0.000665872 0.241851941 0.101198725 -15.199213982 0.172774449 -6.884094715 1 keyframe_0231_id421.png

233 0.959801555 -0.024752822 0.242678076 0.138836861 -15.134443283 -1.160231590 -6.874281406 1 keyframe_0232_id423.png

234 0.960275054 -0.030548524 0.237353593 0.143533558 -14.993265152 -1.300472617 -7.001904488 1 keyframe_0233_id424.png

235 0.961409032 -0.020725075 0.224207357 0.158095449 -14.685911179 -1.382250428 -7.299826622 1 keyframe_0234_id425.png

236 0.966080427 0.014705043 0.236358598 0.102990039 -14.585966110 0.725465834 -6.730932236 1 keyframe_0235_id427.png

237 0.965599835 0.029525666 0.232296199 0.113064811 -14.328060150 0.720642269 -6.724931240 1 keyframe_0236_id428.png

238 0.965587556 0.001558817 0.233815908 0.113879010 -14.128931999 0.131579340 -6.771045208 1 keyframe_0237_id429.png

239 0.963675618 -0.006733545 0.240124345 0.116723046 -13.775221825 -0.109010749 -6.539750576 1 keyframe_0238_id431.png

240 0.962944388 -0.006263385 0.244969562 0.112644725 -13.637309074 -0.005774380 -6.357833385 1 keyframe_0239_id432.png

241 0.963670671 -0.002546418 0.242253453 0.112452678 -13.013071060 0.091253698 -6.247129440 1 keyframe_0240_id435.png

242 0.964623213 -0.010522000 0.240090638 0.108387612 -12.775377274 0.035112441 -6.278034210 1 keyframe_0241_id436.png

243 0.964932501 -0.012201145 0.235174790 0.115970977 -12.460236549 -0.128603637 -6.303178310 1 keyframe_0242_id437.png

244 0.964561641 -0.006756391 0.239557847 0.110396080 -12.309042931 0.068272695 -6.102386951 1 keyframe_0243_id438.png

245 0.963598847 -0.004718053 0.244255856 0.108600818 -12.157781601 0.085855819 -5.904678345 1 keyframe_0244_id439.png

246 0.963120103 0.002164276 0.246007964 0.108972922 -11.961715698 0.127418697 -5.763672352 1 keyframe_0245_id440.png

247 0.962270021 0.011140885 0.248626530 0.109987192 -11.793020248 0.199485615 -5.594836235 1 keyframe_0246_id441.png

248 0.961507738 0.005733033 0.252288401 0.108722903 -11.618359566 0.124716423 -5.434958458 1 keyframe_0247_id442.png

249 0.959198475 -0.008320743 0.260718495 0.109063983 -10.923904419 -0.185213968 -4.886511803 1 keyframe_0248_id445.png

250 0.959804773 -0.003642305 0.255731255 0.115599036 -10.723670006 -0.279837221 -4.875504494 1 keyframe_0249_id446.png

251 0.961204827 0.000528241 0.247014701 0.122755066 -10.448615074 -0.358455986 -4.899040222 1 keyframe_0250_id447.png

252 0.962706268 0.006736982 0.247518152 0.109023154 -9.801262856 -0.239356846 -4.459333420 1 keyframe_0251_id450.png

253 0.962386370 0.009524993 0.250390679 0.105006382 -9.213108063 -0.269434303 -4.038547516 1 keyframe_0252_id453.png

254 0.961189985 -0.001346278 0.257135212 0.099967815 -8.701256752 -0.444731712 -3.622743607 1 keyframe_0253_id457.png

255 0.960979581 -0.002316355 0.255111158 0.106917031 -8.540866852 -0.688328624 -3.592659950 1 keyframe_0254_id458.png

256 0.960531294 -0.000644085 0.252397686 0.116939135 -8.213397980 -1.065285802 -3.460884333 1 keyframe_0255_id460.png

257 0.959600627 -0.001581823 0.250659555 0.127804294 -8.060574532 -1.330532074 -3.432324648 1 keyframe_0256_id461.png

258 0.956053853 0.006607929 0.264976054 0.125320196 -7.995440006 -1.332317710 -3.119925737 1 keyframe_0257_id462.png

259 0.953125656 0.013698461 0.276649535 0.121773914 -7.971396923 -1.256435275 -2.878402233 1 keyframe_0258_id463.png

260 0.948624134 0.018712046 0.290715367 0.123477675 -7.799569130 -1.232487082 -2.545334816 1 keyframe_0259_id464.png

261 0.947901964 0.031951327 0.293935627 0.118587106 -7.708454609 -0.991222858 -2.446902037 1 keyframe_0260_id465.png

262 0.948314011 0.041873530 0.298122913 0.100348823 -7.652734280 -0.618405759 -2.351354122 1 keyframe_0261_id466.png

263 0.949568808 0.038151294 0.294168234 0.101630069 -7.543845654 -0.622835338 -2.438945055 1 keyframe_0262_id467.png

264 0.950322628 0.032966215 0.286063105 0.118186504 -7.416266441 -0.803179681 -2.632939339 1 keyframe_0263_id468.png

265 0.950792730 0.030726530 0.287993312 0.110040888 -7.399254322 -0.636922717 -2.666029692 1 keyframe_0264_id469.png

266 0.950679481 0.031218864 0.298513591 0.078252800 -7.466250420 -0.181022599 -2.586769104 1 keyframe_0265_id470.png

267 0.950243235 0.021272251 0.305197775 0.058648180 -7.520292759 -0.021872543 -2.582458496 1 keyframe_0266_id471.png

268 0.949630022 0.004300673 0.309822828 0.046841651 -7.577489376 -0.036227770 -2.580271959 1 keyframe_0267_id472.png

269 0.949114978 -0.010298627 0.311673611 0.043981235 -7.634580612 -0.131974846 -2.608741045 1 keyframe_0268_id473.png

270 0.949129939 -0.033908796 0.306207597 0.065111443 -7.693678379 -0.616363823 -2.733450413 1 keyframe_0269_id474.png

271 0.948812008 -0.024144029 0.299520016 0.097265720 -7.807585716 -0.900541425 -2.826485157 1 keyframe_0270_id475.png

272 0.946847379 -0.003874907 0.296753168 0.124107532 -8.072190285 -0.965478659 -2.772132874 1 keyframe_0271_id476.png

273 0.947365940 -0.004260544 0.296402454 0.120934509 -8.634180069 -0.801882446 -2.539027929 1 keyframe_0272_id478.png

274 0.948494434 -0.002363638 0.290468156 0.126416042 -8.846606255 -0.720265269 -2.474074602 1 keyframe_0273_id479.png

275 0.948176444 0.008703913 0.283723027 0.142783105 -9.142831802 -0.649109006 -2.298885345 1 keyframe_0274_id480.png

276 0.946279764 0.050458521 0.289353162 0.135215700 -9.324280739 -0.088568226 -2.010917425 1 keyframe_0275_id481.png

277 0.946979105 0.017334597 0.294486195 0.127311110 -9.411328316 -0.212587476 -2.043266535 1 keyframe_0276_id482.png

278 0.946404338 0.004324869 0.298312873 0.123731963 -9.524902344 -0.202722594 -2.113008976 1 keyframe_0277_id483.png

279 0.947139204 0.006532283 0.295864612 0.123890392 -9.586082458 -0.136782393 -2.232734203 1 keyframe_0278_id484.png

280 0.948586106 0.011630442 0.296317220 0.110658348 -9.670288086 0.125544786 -2.316493750 1 keyframe_0279_id485.png

281 0.950238049 0.004289753 0.286918223 0.121273056 -9.729862213 -0.080065511 -2.584937572 1 keyframe_0280_id486.png

282 0.951562047 0.000557160 0.281209409 0.124300964 -9.791600227 -0.127403855 -2.776003599 1 keyframe_0281_id487.png

283 0.952231228 0.015092566 0.275105387 0.131700605 -9.826544762 -0.123430066 -2.932208538 1 keyframe_0282_id488.png

284 0.953639269 -0.007855318 0.278265327 0.114362769 -9.851569176 -0.121462554 -3.016691685 1 keyframe_0283_id489.png

285 0.996979773 0.012312296 0.059281439 0.048635989 -6.813035965 1.264313817 -6.362478256 1 keyframe_0284_id492.png

286 0.969713926 0.005552303 -0.228128687 -0.087071277 -1.546543002 2.099497318 -8.517987251 1 keyframe_0285_id494.png

287 0.953663945 0.022446498 -0.285548508 -0.092105314 -0.825143635 1.999050140 -8.648686409 1 keyframe_0286_id495.png

288 0.940007627 0.002778107 -0.325282604 -0.102806479 -0.386035949 1.744521618 -8.867980003 1 keyframe_0287_id496.png

289 0.912882388 0.028770128 -0.389567047 -0.118556052 0.652720034 1.849143624 -9.117193222 1 keyframe_0288_id497.png

290 0.916107118 0.006523262 -0.383487999 -0.116800025 0.289241761 1.481858015 -9.623329163 1 keyframe_0289_id498.png

291 0.919608533 0.024839947 -0.374244481 -0.116808474 -0.117968857 1.852345347 -9.917727470 1 keyframe_0290_id499.png

292 0.921003819 0.047464222 -0.368852168 -0.115962252 -0.345442235 2.343524694 -10.222570419 1 keyframe_0291_id500.png

293 0.922457933 0.010868629 -0.369208127 -0.112421528 -0.402409047 1.807037473 -11.263384819 1 keyframe_0292_id501.png

294 0.925032377 0.010114867 -0.366690308 -0.098747417 -0.523716211 1.818349123 -11.918898582 1 keyframe_0293_id502.png

295 0.922775567 0.026692593 -0.370502114 -0.102474183 -0.359780520 2.384908199 -12.390033722 1 keyframe_0294_id503.png

296 0.919437706 0.014052178 -0.373789668 -0.121318206 0.130594686 2.944299936 -13.581419945 1 keyframe_0295_id504.png

297 0.922838092 -0.010773031 -0.361012876 -0.133879006 -0.072534479 2.562724352 -14.303409576 1 keyframe_0296_id505.png

298 0.919732392 -0.005393937 -0.380867481 -0.094885431 0.351447344 2.311869621 -14.915531158 1 keyframe_0297_id506.png

299 0.914277136 0.006233097 -0.393689245 -0.095222168 0.886568069 2.743356705 -15.303834915 1 keyframe_0298_id507.png

300 0.915491462 0.012845648 -0.390671194 -0.095323019 0.972725391 3.006331444 -15.569414139 1 keyframe_0299_id508.png

301 0.917876005 0.009454262 -0.385642886 -0.093240790 0.972549677 2.972346067 -15.806198120 1 keyframe_0300_id509.png

302 0.925337791 -0.004180735 -0.361718416 -0.113544233 0.538002729 2.881028414 -16.097028732 1 keyframe_0301_id510.png

303 0.959134519 0.001590158 -0.277368903 -0.055901553 -2.328450203 2.529594421 -16.405788422 1 keyframe_0302_id512.png

304 0.962898195 -0.009184397 -0.264563262 -0.052430663 -2.622271061 2.221214771 -16.534713745 1 keyframe_0303_id513.png

305 0.960883617 -0.030181674 -0.271661043 -0.044632133 -2.240041018 1.519511223 -16.732835770 1 keyframe_0304_id514.png

306 0.960567534 -0.017034598 -0.267434001 -0.074154750 -2.013958454 2.375611305 -16.619152069 1 keyframe_0305_id515.png

307 0.967249691 -0.015064139 -0.248248518 -0.050732955 -2.535853863 2.288790703 -16.420087814 1 keyframe_0306_id516.png

308 0.974941611 -0.027645206 -0.217465341 -0.037860438 -3.446273327 1.909294486 -16.129409790 1 keyframe_0307_id517.png

309 0.977762520 -0.019260978 -0.205367818 -0.037862435 -3.598629236 2.218923092 -15.786171913 1 keyframe_0308_id518.png

310 0.978373289 -0.010453090 -0.200508982 -0.049725793 -3.381785870 2.724977732 -15.305220604 1 keyframe_0309_id519.png

311 0.977078378 -0.004749946 -0.201641247 -0.068088949 -3.009391546 3.172808647 -14.858017921 1 keyframe_0310_id520.png

312 0.974886239 -0.004096434 -0.212933451 -0.065110691 -2.552914858 3.071717262 -14.516236305 1 keyframe_0311_id521.png

313 0.986705244 0.023591654 -0.155871212 -0.039502695 -4.235314846 3.427557707 -13.563295364 1 keyframe_0312_id522.png

314 0.998801947 0.000703694 -0.048855077 0.002712366 -6.944831371 2.140547037 -11.446419716 1 keyframe_0313_id523.png

315 0.998486578 0.000169565 0.020993093 0.050832022 -8.458161354 1.171666503 -9.851473808 1 keyframe_0314_id524.png

316 0.990118980 0.007053290 0.124108113 0.064898774 -9.827592850 0.782100379 -7.538624763 1 keyframe_0315_id525.png

317 0.982119322 0.007663378 0.170624524 0.079184502 -10.104474068 0.266697943 -6.446263313 1 keyframe_0316_id526.png

318 0.982019365 -0.015206978 0.172357962 0.075495392 -9.770695686 -0.142192349 -6.291491508 1 keyframe_0317_id527.png

319 0.990109146 0.005550840 0.129525706 0.053629640 -8.566995621 0.196676850 -6.376155376 1 keyframe_0318_id530.png

320 0.997999191 0.000482488 0.053731073 0.033322267 -7.477184296 0.384361416 -7.384537220 1 keyframe_0319_id531.png

321 0.998192668 0.000446025 0.046531148 0.038027089 -7.390035629 0.180556610 -7.198041439 1 keyframe_0320_id532.png

322 0.999018550 0.000772734 0.031196550 0.031434212 -7.115914822 0.156929031 -7.079968929 1 keyframe_0321_id533.png

323 0.999762475 0.005139641 -0.017344870 0.012154517 -6.306877613 0.411820441 -7.286213398 1 keyframe_0322_id534.png

324 0.993442893 0.005824290 -0.110606566 -0.028346870 -4.747925282 0.847929180 -7.779282570 1 keyframe_0323_id535.png

325 0.994686186 -0.001466015 -0.099898621 -0.024849081 -4.858183384 0.811196148 -7.238435745 1 keyframe_0324_id536.png

326 0.995768249 -0.002536217 -0.091861941 -0.000759200 -5.080204487 0.850539327 -6.635096073 1 keyframe_0325_id537.png

327 0.998072088 -0.003943858 -0.061805207 0.004095643 -5.205389500 0.868138075 -5.768335342 1 keyframe_0326_id538.png

328 0.999553978 0.007331699 -0.024104690 0.016033137 -5.214138985 0.702376068 -4.592845440 1 keyframe_0327_id539.png

329 0.999722123 0.015199113 -0.012706555 -0.012776542 -4.857199669 0.946044505 -3.965831757 1 keyframe_0328_id540.png

330 0.999711275 -0.003779360 -0.020330852 0.012236180 -4.778318882 0.284402788 -3.920651913 1 keyframe_0329_id541.png

331 0.999493241 -0.004814219 -0.018336922 0.025570385 -4.648039818 0.069791764 -3.411667109 1 keyframe_0330_id542.png

332 0.999766409 0.005132830 -0.011479268 0.017580280 -4.220199108 0.173606142 -2.550884485 1 keyframe_0331_id543.png

333 0.999776483 0.012382183 -0.013227290 0.010897753 -3.788012505 0.173526734 -2.033555508 1 keyframe_0332_id544.png

334 0.999004781 -0.000068018 0.022551505 0.038482599 -3.644659281 0.115075298 -1.481992960 1 keyframe_0333_id545.png

335 0.997896314 0.010363629 0.051724453 0.037684880 -3.264475107 0.032183558 -1.050530195 1 keyframe_0334_id546.png

336 0.987009943 0.003021468 -0.155239880 -0.041265629 -2.378166914 0.602334261 -2.129110336 1 keyframe_0335_id547.png

337 0.968823433 0.003411705 -0.237679645 -0.069842204 -2.134572744 0.656365454 -2.644679308 1 keyframe_0336_id548.png

338 0.972644031 0.002092814 -0.223236755 -0.064222999 -2.374725103 0.386743844 -2.732232571 1 keyframe_0337_id549.png

339 0.968943357 -0.007755358 -0.239852443 -0.059660703 -2.398318768 0.059330028 -2.902719021 1 keyframe_0338_id550.png

340 0.966579556 0.011390266 -0.248830244 -0.060645040 -2.424612045 -0.137630671 -3.024607182 1 keyframe_0339_id551.png

341 0.971876621 -0.005076119 -0.226806030 -0.063159384 -2.620331526 -0.361450970 -3.117694855 1 keyframe_0340_id552.png

342 0.965368509 0.031569131 -0.245057538 -0.083748750 -2.554298878 -0.184883997 -3.481694698 1 keyframe_0341_id553.png

343 0.957692623 -0.002993277 -0.277626216 -0.075760193 -2.377384901 -0.599513650 -4.062271118 1 keyframe_0342_id554.png

344 0.954088569 -0.020284707 -0.283056378 -0.095825918 -2.419939995 -1.002805948 -4.522188663 1 keyframe_0343_id555.png

345 0.958515942 -0.010928974 -0.274855882 -0.074712560 -2.626131535 -1.475514650 -4.911349297 1 keyframe_0344_id556.png

346 0.947466195 -0.008758755 -0.313219696 -0.064222582 -2.232177496 -1.440696120 -5.166785240 1 keyframe_0345_id557.png

347 0.951700389 0.021146469 -0.285016835 -0.112181239 -2.391059637 -0.755422533 -5.076392174 1 keyframe_0346_id558.png

348 0.948326766 0.006144632 -0.305327982 -0.086101383 -1.911525488 -0.786104798 -5.174193382 1 keyframe_0347_id559.png

349 0.945644796 0.004265115 -0.312728822 -0.089098290 -1.675259590 -0.530022383 -5.247557640 1 keyframe_0348_id560.png

350 0.941104650 -0.012677482 -0.317321658 -0.116052940 -1.558281064 -0.232255101 -5.359475613 1 keyframe_0349_id561.png

351 0.944004774 -0.023456274 -0.318721980 -0.081982985 -1.612875819 -0.301425368 -5.353142262 1 keyframe_0350_id562.png

352 0.951470435 0.003968031 -0.298448354 -0.074945830 -1.749152899 0.349158823 -4.869372845 1 keyframe_0351_id563.png

353 0.957649469 0.017036118 -0.275030851 -0.083518304 -1.860012412 1.005137682 -4.415437698 1 keyframe_0352_id564.png

354 0.994334936 0.006362515 -0.106087193 0.001771546 -3.396916151 0.743294656 -3.420079708 1 keyframe_0353_id565.png

355 0.996942222 0.000197312 0.060467768 0.049495567 -2.834784746 0.300804943 -1.475356936 1 keyframe_0354_id566.png

356 0.996373236 -0.008417659 0.067880638 0.050613742 -2.125066519 0.241890654 -1.080359936 1 keyframe_0355_id567.png

357 0.994657457 0.016659256 0.078664914 0.064737104 -1.477282047 0.151214212 -0.597708166 1 keyframe_0356_id568.png

358 0.992336392 -0.001746065 0.108506843 0.059091669 -0.922415018 0.252322495 -0.265390098 1 keyframe_0357_id569.png

359 0.992487788 0.024877384 0.114019327 0.036724664 -0.445054650 0.253826290 -0.163858026 1 keyframe_0358_id570.png

360 0.991449833 0.019036157 0.109880835 0.067756936 -0.036023743 -0.272351712 -0.114518523 1 keyframe_0359_id575.png

361 0.991526544 0.014309716 0.111228064 0.065564819 0.041554041 -0.308615744 -0.129874617 1 keyframe_0360_id576.png

362 0.992262602 0.002085164 0.118262693 0.037744299 0.094584376 -0.287002295 -0.152060598 1 keyframe_0361_id577.png

363 0.991482079 0.018992292 0.099643581 0.081693679 0.162128806 -0.230539724 -0.158388913 1 keyframe_0362_id578.png

364 0.992340982 0.015602137 0.121398352 0.016686859 0.203684032 -0.288768679 -0.216718957 1 keyframe_0363_id579.png

