1 0.999935687 0.011240698 0.000157713 -0.001512837 0.002165422 -0.061318688 -0.020412652 1 keyframe_0000.png

2 0.999748588 0.021625856 0.001117002 -0.005816882 0.004480694 -0.183556378 -0.063464537 1 keyframe_0001.png

3 0.999599099 0.028160367 0.001240545 -0.002652774 0.007388485 -0.233931944 -0.081483319 1 keyframe_0002.png

4 0.999143004 0.041328698 0.002220436 -0.000586901 0.010495716 -0.274106830 -0.098626815 1 keyframe_0003.png

5 0.998273730 0.058652796 0.003065948 -0.000185936 0.012740473 -0.294079810 -0.113046125 1 keyframe_0004.png

6 0.998351097 0.057250749 0.002049685 0.003638163 0.018110083 -0.190123811 -0.069764391 1 keyframe_0005.png

7 0.998988390 0.043218724 -0.006676128 0.010478782 0.019630155 -0.101094745 -0.035353702 1 keyframe_0006.png

8 0.999278784 0.005418565 -0.033764236 0.016511338 -0.011648706 0.168657154 0.024950296 1 keyframe_0007.png

9 0.986056805 0.161484495 -0.037689589 -0.013937257 -0.012018694 -0.078165703 0.022827184 1 keyframe_0008.png

10 0.979764581 0.196145788 -0.036804434 -0.015284290 -0.018257314 -0.092895426 0.042359300 1 keyframe_0009.png

11 0.982979536 0.181537345 -0.025162200 -0.012741612 -0.051088061 -0.077263601 0.047725130 1 keyframe_0010.png

12 0.982139349 0.183386326 -0.034577187 -0.024002546 -0.250892460 -0.020451225 -0.008307288 1 keyframe_0011.png

13 0.982026994 0.180921897 -0.045039844 -0.029354479 -0.319748461 -0.005001586 -0.025152342 1 keyframe_0012.png

14 0.978519678 0.195051342 -0.058604069 -0.031934533 -0.379011184 0.001622998 -0.048344035 1 keyframe_0013.png

15 0.977332115 0.200500652 -0.059447907 -0.032974839 -0.420213640 0.001563391 -0.060553800 1 keyframe_0014.png

16 0.981381476 0.190655455 -0.017312376 -0.015530073 0.032224178 -0.067155436 0.047509622 1 keyframe_0015.png

17 0.981961787 0.188023672 -0.014130571 -0.014088764 0.092697151 -0.074515611 0.052664101 1 keyframe_0016.png

18 0.981380999 0.191820398 0.000460687 -0.009801661 0.232720077 -0.095145091 0.053992525 1 keyframe_0017.png

19 0.980503023 0.195745707 0.014163465 -0.009837799 0.296709478 -0.108203970 0.045676868 1 keyframe_0018.png

20 0.981462836 0.190375313 0.020212293 -0.008916814 0.325919718 -0.108272150 0.044624742 1 keyframe_0019.png

21 0.982510924 0.184428811 0.024180159 -0.008582857 0.340632975 -0.107947543 0.045613497 1 keyframe_0020.png

22 0.983107865 0.182909474 -0.004423051 -0.004848673 0.162882537 -0.096144497 0.080445439 1 keyframe_0021.png

23 0.981443167 0.191137940 -0.008628542 -0.012697781 -0.042937715 -0.085867770 0.062019553 1 keyframe_0022.png

24 0.981030941 0.192882195 -0.010459738 -0.016288090 -0.122007795 -0.077986933 0.050131310 1 keyframe_0023.png

25 0.980917037 0.191453502 -0.026340177 -0.021296740 -0.221652910 -0.074824661 0.008959722 1 keyframe_0024.png

26 0.988386095 0.136119843 -0.064234070 -0.020937689 -0.253656894 -0.060983162 -0.040070370 1 keyframe_0025.png

27 0.988412082 0.130461231 -0.073206045 -0.025735484 -0.259780824 -0.050357640 -0.053036716 1 keyframe_0026.png

28 0.982123256 0.154542178 -0.097541720 -0.045124304 -0.291059494 0.006011343 -0.132539779 1 keyframe_0027.png

29 0.978601694 0.178313285 0.102659568 0.002021785 0.203115076 -0.086809725 -0.061011884 1 keyframe_0028.png

30 0.978884578 0.190347955 0.072904378 -0.015416584 0.172383130 -0.156455606 0.004439696 1 keyframe_0029.png

31 0.981635094 0.185915232 0.018636884 -0.038482014 0.084930845 -0.203688100 0.072514065 1 keyframe_0030.png

32 0.982728422 0.170656428 -0.042706452 -0.057422675 -0.039581545 -0.209548518 0.101980031 1 keyframe_0031.png

33 0.977161825 0.169070259 -0.103857823 -0.076049790 -0.198420867 -0.168269202 0.058746379 1 keyframe_0032.png

34 0.974661827 0.167545304 -0.128872126 -0.073177814 -0.284353882 -0.111453421 -0.020094629 1 keyframe_0033.png

35 0.976786375 0.151974291 -0.135438472 -0.066698551 -0.339557678 -0.049702078 -0.110912658 1 keyframe_0034.png

36 0.979232371 0.141122073 -0.129189506 -0.067071199 -0.344432294 0.004966859 -0.184851319 1 keyframe_0035.png

37 0.983913779 0.135436893 -0.102039702 -0.056200285 -0.291309148 0.023767026 -0.224004552 1 keyframe_0036.png

38 0.984060228 0.155145600 0.086464614 0.008898077 0.106267512 -0.093965828 -0.115497939 1 keyframe_0037.png

39 0.987176657 0.158483639 0.019034756 0.001711246 -0.060402323 -0.177847266 -0.021660920 1 keyframe_0038.png

40 0.985898554 0.164707527 -0.027243786 -0.011544654 -0.160944581 -0.210475639 0.003114012 1 keyframe_0039.png

41 0.983839750 0.168492362 -0.055123933 -0.025122439 -0.203960404 -0.238504052 0.037867542 1 keyframe_0040.png

42 0.984098971 0.163573831 -0.060716141 -0.033262495 -0.174731255 -0.264912397 0.104888536 1 keyframe_0041.png

43 0.985777020 0.154904023 -0.059402596 -0.026827849 -0.108566202 -0.296540499 0.188271061 1 keyframe_0042.png

44 0.986136854 0.154342219 -0.057231478 -0.020907514 -0.049283925 -0.320418417 0.244389266 1 keyframe_0043.png

45 0.984800935 0.166231811 -0.050202738 -0.003718179 -0.041516375 -0.224687949 0.080983549 1 keyframe_0044.png

46 0.979668140 0.180241287 0.068966642 0.054836620 0.051945604 -0.192460746 -0.025629973 1 keyframe_0045.png

47 0.980925262 0.174046621 0.064147182 0.058125351 0.022257829 -0.212668031 -0.058108602 1 keyframe_0046.png

48 0.984033108 0.149478853 0.078450210 0.056395795 -0.007371780 -0.202319399 -0.107814334 1 keyframe_0047.png

49 0.990762472 0.078793205 0.099503219 0.047754727 -0.066544056 -0.241786778 -0.227676928 1 keyframe_0048.png

50 0.994713485 -0.004899026 0.097237356 0.032650184 -0.090966985 -0.308971882 -0.271190017 1 keyframe_0049.png

51 0.995446682 -0.022286365 0.089578867 0.023765309 -0.100842074 -0.336022794 -0.273729533 1 keyframe_0050.png

52 0.996222854 -0.013350014 0.084000669 0.017485198 -0.110265695 -0.332114160 -0.276282340 1 keyframe_0051.png

53 0.996727049 -0.000739106 0.078914307 0.017524861 -0.119035117 -0.327547461 -0.276765227 1 keyframe_0052.png

54 0.996890783 -0.002636771 0.074436493 0.025710586 -0.128684148 -0.335762233 -0.264658272 1 keyframe_0053.png

55 0.996697009 0.000861751 0.069267131 0.042383980 -0.140289187 -0.345216483 -0.248277515 1 keyframe_0054.png

56 0.995781958 0.019271931 0.062710442 0.064142972 -0.150591508 -0.335566998 -0.228313655 1 keyframe_0055.png

57 0.995514750 0.031944644 0.065164506 0.060692262 -0.173051700 -0.282806009 -0.183982804 1 keyframe_0056.png

58 0.995829940 0.024301317 0.070610873 0.052405883 -0.183046430 -0.244115055 -0.153848633 1 keyframe_0057.png

59 0.995425761 0.029966908 0.072380520 0.054686088 -0.181342170 -0.255643189 -0.169268355 1 keyframe_0058.png

60 0.995211840 -0.018734736 0.084589526 0.045244049 -0.184704721 0.102864832 -0.186138108 1 keyframe_0059.png

61 0.994806409 -0.000009491 0.088834830 0.049685691 -0.268496752 0.077749558 -0.118660547 1 keyframe_0060.png

62 0.995897353 0.002503283 0.079850242 0.042498495 -0.288906097 0.126192123 -0.084698193 1 keyframe_0061.png

63 0.997530937 0.027095124 0.052535802 0.037920352 -0.323031813 0.102109492 -0.082904927 1 keyframe_0062.png

64 0.999525070 0.020230697 0.009292010 0.021307005 -0.557595670 0.284393013 -0.186957166 1 keyframe_0063.png

65 0.999593079 0.021507632 -0.006222355 0.017674636 -0.620344877 0.333046734 -0.226937175 1 keyframe_0064.png

66 0.999691546 0.011715019 -0.021386828 0.004715230 -0.672595680 0.374971658 -0.298037469 1 keyframe_0065.png

67 0.996715069 0.024164936 -0.074962534 -0.018861765 -0.757498503 0.409384876 -0.479842275 1 keyframe_0066.png

68 0.993277133 0.031767111 -0.107802466 -0.027750233 -0.784942865 0.415821403 -0.600532949 1 keyframe_0067.png

69 0.990384281 0.030146362 -0.130692661 -0.033907093 -0.814384282 0.423593730 -0.732373655 1 keyframe_0068.png

70 0.988823354 0.011418766 -0.144286409 -0.035768542 -0.851417899 0.433225572 -0.859980702 1 keyframe_0069.png

71 0.988050342 0.011202538 -0.151255906 -0.027434317 -1.006115198 0.567350507 -1.094072104 1 keyframe_0070.png

72 0.988404393 0.013520341 -0.149384707 -0.023626715 -1.050246596 0.599725962 -1.139950395 1 keyframe_0071.png

73 0.989104986 0.013876949 -0.144097134 -0.026735237 -1.107103944 0.657952011 -1.211236358 1 keyframe_0072.png

74 0.990537643 0.004769618 -0.136497289 -0.013450366 -1.500877023 0.759649813 -2.021748066 1 keyframe_0073.png

75 0.994009912 0.026922300 -0.100538626 -0.033340055 -1.672243714 0.945416093 -2.206944942 1 keyframe_0074.png

76 0.999428928 0.014791612 -0.024022609 0.018600449 -2.197322130 0.779802799 -2.277588129 1 keyframe_0075.png

77 0.999357581 0.026525168 -0.023181958 0.006597007 -2.272525549 0.929775178 -2.588969231 1 keyframe_0076.png

78 0.999359250 0.024460237 -0.026128747 -0.000352133 -2.266376257 1.001045823 -2.730353594 1 keyframe_0077.png

79 0.999535918 0.004799979 -0.027847929 0.011377835 -2.472729445 1.058969021 -3.300414562 1 keyframe_0078.png

80 0.999653637 0.007667194 -0.005275638 0.024617055 -2.794328690 1.106207371 -3.530199289 1 keyframe_0079.png

81 0.999377906 0.014752696 0.005621768 0.031537175 -2.964768171 1.205680132 -3.646614075 1 keyframe_0080.png

82 0.999392927 0.021971054 0.014109159 0.023066105 -3.078748465 1.371678710 -3.786178112 1 keyframe_0081.png

83 0.999494672 0.021715373 0.016059900 0.016763045 -3.133260965 1.483908534 -3.943490028 1 keyframe_0082.png

84 0.999797940 0.009646818 0.016944775 0.004886877 -3.187422276 1.607720494 -4.184488297 1 keyframe_0083.png

85 0.999585271 0.024024451 0.014324103 0.006850195 -3.257894993 1.860664129 -4.307532787 1 keyframe_0084.png

86 0.999551117 0.019970894 0.009720031 0.020107342 -3.338973284 1.845950365 -4.480718613 1 keyframe_0085.png

87 0.999475300 -0.014493362 0.007262520 0.028042182 -3.462176085 1.664011240 -4.833555698 1 keyframe_0086.png

88 0.998877347 -0.018773735 0.001685690 0.043460418 -3.550223589 1.621759534 -5.042424679 1 keyframe_0087.png

89 0.998192132 -0.013646433 -0.002250120 0.058491085 -3.650195360 1.621658087 -5.232702255 1 keyframe_0088.png

90 0.999411881 0.007100250 0.012159511 0.031266451 -3.748790979 2.046099663 -5.260936260 1 keyframe_0089.png

91 0.999230444 0.016506914 0.015835917 0.031863529 -3.814141273 2.193198681 -5.349001884 1 keyframe_0090.png

92 0.999293268 0.005317914 0.020045817 0.031350229 -3.875636339 2.284831762 -5.585652828 1 keyframe_0091.png

93 0.999291539 -0.000366777 0.021590026 0.030824974 -3.896375179 2.262702942 -5.715857983 1 keyframe_0092.png

94 0.999299586 0.017701622 0.025731303 0.020614356 -3.903789997 2.552309275 -5.708241940 1 keyframe_0093.png

95 0.998563826 0.043319084 0.028584704 0.013292066 -3.917951584 2.898105621 -5.670033932 1 keyframe_0094.png

96 0.999059260 0.023684345 0.025326001 0.026043667 -3.987354040 2.641845465 -5.988373280 1 keyframe_0095.png

97 0.999278903 0.016759342 0.033614945 0.005553829 -4.035075188 2.832233667 -6.146091461 1 keyframe_0096.png

98 0.999282598 0.018619897 0.032051507 0.007762253 -4.108240128 2.884152889 -6.381141663 1 keyframe_0097.png

99 0.999016106 0.015041789 0.023826582 0.034246862 -4.243164539 2.633122206 -6.648703098 1 keyframe_0098.png

100 0.999124527 -0.001477210 0.026178841 0.032599442 -4.393472672 2.426112652 -7.008197784 1 keyframe_0099.png

101 0.997280896 -0.001281667 0.057350457 0.046260733 -5.144248962 2.456056595 -7.164619446 1 keyframe_0100.png

102 0.997242272 0.001178718 0.064987503 0.035821430 -5.486840248 2.649471283 -7.558377743 1 keyframe_0101.png

103 0.997210562 -0.000407675 0.059715405 0.044777837 -5.540901661 2.548799753 -7.756818771 1 keyframe_0102.png

104 0.997789145 -0.003300031 0.051894300 0.041388463 -5.449004173 2.588106632 -7.913503647 1 keyframe_0103.png

105 0.998525202 -0.005264966 0.038553819 0.037858941 -5.249756336 2.646614075 -8.097335815 1 keyframe_0104.png

106 0.999751866 0.011653878 0.003411111 0.018677473 -4.739104748 3.146480799 -8.528814316 1 keyframe_0105.png

107 0.999238610 0.031566966 0.008263296 0.021386767 -4.989542484 3.550859690 -8.495975494 1 keyframe_0106.png

108 0.998725295 0.042732514 0.007945717 0.025664974 -5.090954304 3.802042484 -8.528604507 1 keyframe_0107.png

109 0.999005854 0.036814995 0.008805871 0.023546733 -5.129169464 3.759161472 -8.655987740 1 keyframe_0108.png

110 0.999743581 -0.003689636 0.019708887 -0.010523939 -5.193393230 3.422266960 -9.106902122 1 keyframe_0109.png

111 0.999847949 -0.007240664 0.015846157 -0.000780638 -5.264544487 3.237859011 -9.287483215 1 keyframe_0110.png

112 0.998737872 0.044803940 0.001243667 0.022665840 -5.523082256 3.908966780 -9.591368675 1 keyframe_0111.png

113 0.999152362 0.034046199 -0.000232467 0.023137948 -5.587523937 3.747527122 -9.890382767 1 keyframe_0112.png

114 0.999508798 0.008855646 -0.029162809 -0.007300707 -5.008795261 3.864300966 -11.042506218 1 keyframe_0113.png

115 0.997480333 -0.003049935 -0.064660020 -0.029031049 -4.101215839 3.898077250 -11.630940437 1 keyframe_0114.png

116 0.993787229 -0.016096661 -0.104945324 -0.033381052 -3.165446043 3.675009251 -12.210844994 1 keyframe_0115.png

117 0.988021672 -0.011869850 -0.149571761 -0.036064211 -2.175705433 3.993911743 -12.815030098 1 keyframe_0116.png

118 0.987661839 -0.002111751 -0.152429461 -0.035846811 -2.175805092 4.344038486 -12.904211998 1 keyframe_0117.png

119 0.988052368 0.001865121 -0.149551407 -0.037194990 -2.316685438 4.543734550 -13.003010750 1 keyframe_0118.png

120 0.988715589 -0.007528138 -0.144176826 -0.039973982 -2.503341675 4.397779942 -13.203586578 1 keyframe_0119.png

121 0.988674581 -0.017304156 -0.142491713 -0.043808822 -2.596577168 4.238545895 -13.403415680 1 keyframe_0120.png

122 0.987207532 -0.011207807 -0.153376609 -0.042086877 -2.425232887 4.423518658 -13.522797585 1 keyframe_0121.png

123 0.972238123 -0.010272434 -0.224314943 -0.065805398 -0.408113927 4.541638851 -13.910469055 1 keyframe_0122.png

124 0.933037817 0.006843889 -0.344271570 -0.104262941 2.982223034 4.966269016 -13.809511185 1 keyframe_0123.png

125 0.935905874 0.000584308 -0.338657767 -0.096905813 2.605278730 4.934743404 -14.012411118 1 keyframe_0124.png

126 0.927373946 -0.018022664 -0.359901667 -0.100616187 3.013043404 4.685331345 -14.153250694 1 keyframe_0125.png

127 0.857759416 -0.009860363 -0.492284149 -0.147674963 7.031551361 4.457473755 -12.624984741 1 keyframe_0126.png

128 0.859608412 -0.005401950 -0.489066362 -0.147845283 6.812789917 4.649098873 -12.595756531 1 keyframe_0127.png

129 0.864717603 -0.007008488 -0.480717689 -0.145344064 6.429716110 4.672725677 -12.681555748 1 keyframe_0128.png

130 0.852843642 -0.028494596 -0.495278835 -0.162925616 6.908561707 3.958955765 -12.506561279 1 keyframe_0129.png

131 0.800772667 -0.010489678 -0.569749534 -0.184495538 9.018525124 3.894660711 -10.851569176 1 keyframe_0130.png

132 0.766962886 0.004068453 -0.607525826 -0.206552029 10.114616394 3.885761976 -9.693061829 1 keyframe_0131.png

133 0.750661910 0.008494864 -0.623639286 -0.217964962 10.546128273 3.790997028 -9.151287079 1 keyframe_0132.png

134 0.733919144 0.018518919 -0.638142884 -0.231933981 10.910889626 3.805711985 -8.539039612 1 keyframe_0133.png

135 0.733181655 0.001636011 -0.648415327 -0.204937831 10.476001740 3.492592335 -8.758703232 1 keyframe_0134.png

136 0.746072531 -0.009317295 -0.636864424 -0.194146290 9.716889381 3.411568880 -9.297307014 1 keyframe_0135.png

137 0.743431866 -0.012321320 -0.638398707 -0.199008435 9.728685379 3.286424398 -9.246280670 1 keyframe_0136.png

138 0.736774981 -0.012006580 -0.645656407 -0.200365290 9.870991707 3.226362705 -9.057179451 1 keyframe_0137.png

139 0.726555169 -0.008315226 -0.655916035 -0.204505816 10.107861519 3.229868650 -8.725519180 1 keyframe_0138.png

140 0.667336226 0.004181868 -0.706378162 -0.235954985 11.237847328 3.008216381 -6.839353561 1 keyframe_0139.png

141 0.658675313 -0.005142620 -0.717283607 -0.227210730 11.309515953 2.723747253 -6.654886723 1 keyframe_0140.png

142 0.656696796 -0.010267462 -0.720285237 -0.223233581 11.301630020 2.585106134 -6.631962299 1 keyframe_0141.png

143 0.646282613 -0.021343179 -0.728884935 -0.224922225 11.377753258 2.172203302 -6.384945869 1 keyframe_0142.png

144 0.603905797 -0.007613694 -0.752344072 -0.263093561 11.833999634 1.877778888 -4.972099781 1 keyframe_0143.png

145 0.588690639 -0.007949835 -0.761512458 -0.271069914 11.959414482 1.644287586 -4.541178226 1 keyframe_0144.png

146 0.559742153 -0.008751159 -0.780653179 -0.277835876 12.133033752 1.261622667 -3.708714724 1 keyframe_0145.png

147 0.551286578 -0.003849418 -0.786366463 -0.278740168 12.131361961 1.278240919 -3.421112299 1 keyframe_0146.png

148 0.545895815 -0.000696142 -0.789457381 -0.280632228 12.105895996 1.284154415 -3.227731943 1 keyframe_0147.png

149 0.543635428 0.000921247 -0.790260673 -0.282750279 12.046652794 1.296473622 -3.137624741 1 keyframe_0148.png

150 0.545380294 -0.000043259 -0.791949451 -0.274547637 11.838526726 1.394134402 -3.141557455 1 keyframe_0149.png

151 0.551442623 -0.013827366 -0.796486616 -0.247646943 11.557567596 1.338693857 -3.339789629 1 keyframe_0150.png

152 0.553335130 -0.018232696 -0.795368910 -0.246730864 11.465655327 1.243630290 -3.411394835 1 keyframe_0151.png

153 0.555754364 -0.024170306 -0.791529119 -0.253050476 11.297891617 1.043253541 -3.486166954 1 keyframe_0152.png

154 0.556267262 -0.022126358 -0.789204836 -0.259293050 11.211058617 1.035600305 -3.462945938 1 keyframe_0153.png

155 0.555995584 -0.018984046 -0.785891354 -0.269969076 11.135491371 1.012855291 -3.413516283 1 keyframe_0154.png

156 0.555864751 -0.014706718 -0.783028543 -0.278683186 11.005854607 1.011023521 -3.347579479 1 keyframe_0155.png

157 0.552175939 -0.017129220 -0.784740448 -0.281052947 10.851044655 0.858924627 -3.219692469 1 keyframe_0156.png

158 0.549522817 -0.020912133 -0.783537447 -0.289234132 10.765942574 0.676640332 -3.179267883 1 keyframe_0157.png

159 0.547280371 -0.020431310 -0.783545673 -0.293467104 10.675724030 0.617939591 -3.109664440 1 keyframe_0158.png

160 0.543674052 -0.004618839 -0.789451599 -0.284891665 10.483934402 0.942097127 -2.841791868 1 keyframe_0159.png

161 0.542188585 0.003024273 -0.792104065 -0.280345410 10.376375198 1.099029899 -2.722938299 1 keyframe_0160.png

162 0.541088343 0.007425470 -0.793171406 -0.279369712 10.263692856 1.169546962 -2.658647299 1 keyframe_0161.png

163 0.540238440 0.013561415 -0.794481993 -0.277050316 10.149290085 1.278030753 -2.588676214 1 keyframe_0162.png

164 0.539766908 0.020061148 -0.796401918 -0.272017002 10.031607628 1.405784965 -2.529213190 1 keyframe_0163.png

165 0.539338648 0.022281885 -0.797777891 -0.268640906 9.925088882 1.439979196 -2.505552530 1 keyframe_0164.png

166 0.538464606 0.015508725 -0.803014636 -0.254917324 9.701910973 1.325291038 -2.539592743 1 keyframe_0165.png

167 0.538828015 0.000564800 -0.804042220 -0.251356572 9.549344063 1.005189538 -2.663821459 1 keyframe_0166.png

168 0.539131701 -0.001692952 -0.804088771 -0.250550091 9.474319458 0.926656544 -2.690091133 1 keyframe_0167.png

169 0.539423406 0.001181068 -0.802516639 -0.254927814 9.405093193 0.913798809 -2.686152697 1 keyframe_0168.png

170 0.540004432 0.008075316 -0.799970031 -0.261491776 9.333568573 0.972624362 -2.666243076 1 keyframe_0169.png

171 0.539612114 0.009340986 -0.799546897 -0.263545573 9.275189400 0.962842405 -2.649678230 1 keyframe_0170.png

172 0.538759232 0.008994866 -0.801219583 -0.260201484 9.224442482 0.947762787 -2.621460199 1 keyframe_0171.png

173 0.536375463 0.006348087 -0.803790331 -0.257258981 9.135421753 0.835592568 -2.578187704 1 keyframe_0172.png

174 0.533777356 0.015056857 -0.801566839 -0.268971443 9.067008018 0.814992845 -2.497957706 1 keyframe_0173.png

175 0.532270908 0.022402285 -0.799302936 -0.278029859 9.008173943 0.779056847 -2.459533930 1 keyframe_0174.png

176 0.532132685 0.027996395 -0.799837649 -0.276244074 8.933259010 0.756884575 -2.507813692 1 keyframe_0175.png

177 0.532879531 0.024868390 -0.807070971 -0.253095716 8.923210144 0.776502967 -2.548898458 1 keyframe_0176.png

178 0.532877445 0.027022399 -0.809923649 -0.243588030 8.928491592 0.819434464 -2.562280655 1 keyframe_0177.png

179 0.533480287 0.021251164 -0.809553146 -0.244071469 8.939405441 0.675448239 -2.641730070 1 keyframe_0178.png

180 0.533523202 0.010789671 -0.808544576 -0.247976348 8.971845627 0.401238471 -2.756777048 1 keyframe_0179.png

181 0.533852339 0.004472693 -0.807953835 -0.249384001 9.006796837 0.213271573 -2.839018822 1 keyframe_0180.png

182 0.534078538 0.003587719 -0.807221174 -0.251279116 9.073366165 0.121918507 -2.885001183 1 keyframe_0181.png

183 0.535297036 0.000109688 -0.805046856 -0.255649447 9.110952377 0.013311479 -2.943594694 1 keyframe_0182.png

184 0.537392497 -0.007677131 -0.803992927 -0.254451841 9.270471573 -0.095015898 -2.916309357 1 keyframe_0183.png

185 0.535944045 0.005808301 -0.805710554 -0.252112865 9.343047142 0.145725936 -2.767382383 1 keyframe_0184.png

186 0.534524322 0.015518543 -0.803373754 -0.261980325 9.402441978 0.238643035 -2.671362400 1 keyframe_0185.png

187 0.533488750 0.004910639 -0.799140096 -0.277021021 9.436087608 -0.067141362 -2.709931850 1 keyframe_0186.png

188 0.532483280 -0.013591598 -0.797237396 -0.284058779 9.449076653 -0.482132703 -2.777527809 1 keyframe_0187.png

189 0.529758215 0.009975273 -0.794753850 -0.296011865 9.569725037 -0.285176396 -2.609475136 1 keyframe_0188.png

190 0.529003263 0.045536835 -0.794854879 -0.293747753 9.638924599 0.263813108 -2.483871222 1 keyframe_0189.png

191 0.529729187 0.052606806 -0.796311557 -0.287241280 9.660379410 0.412252992 -2.483024597 1 keyframe_0190.png

192 0.531676948 0.058943011 -0.801397741 -0.267594606 9.705629349 0.642454445 -2.504130363 1 keyframe_0191.png

193 0.534365594 0.055851433 -0.806289375 -0.247449949 9.768918991 0.738203645 -2.602239847 1 keyframe_0192.png

194 0.538531005 0.036487024 -0.805584550 -0.244308621 9.842209816 0.458990276 -2.864755392 1 keyframe_0193.png

195 0.543273330 0.020394968 -0.803494632 -0.242558286 9.917664528 0.215565652 -3.137500525 1 keyframe_0194.png

196 0.550300539 0.009358689 -0.799134314 -0.241797552 10.029356003 0.024858277 -3.481904984 1 keyframe_0195.png

197 0.555908263 -0.003425683 -0.793523848 -0.247536182 10.095779419 -0.245286614 -3.780839443 1 keyframe_0196.png

198 0.561826706 0.004159133 -0.789539456 -0.246902615 10.248229980 -0.058165643 -3.973017454 1 keyframe_0197.png

199 0.564789712 0.009760215 -0.784003735 -0.257401377 10.366335869 0.050935503 -4.108924389 1 keyframe_0198.png

200 0.567786157 0.002585307 -0.778546631 -0.267352283 10.499317169 -0.070887327 -4.324641228 1 keyframe_0199.png

201 0.568197310 0.000647286 -0.780343413 -0.261181176 10.682756424 -0.020597795 -4.388378143 1 keyframe_0200.png

202 0.563414335 -0.009922384 -0.783106744 -0.263077348 11.766691208 -0.079327382 -4.594278812 1 keyframe_0201.png

203 0.566847324 0.009557404 -0.776480019 -0.275084645 11.940426826 0.385406315 -4.615620613 1 keyframe_0202.png

204 0.568527043 -0.004200400 -0.770654559 -0.287838340 12.038638115 0.034875639 -4.850590229 1 keyframe_0203.png

205 0.571153045 0.009064739 -0.776322722 -0.266505510 12.360865593 0.483200759 -4.871876240 1 keyframe_0204.png

206 0.571111917 0.001172175 -0.773008287 -0.276202857 12.478194237 0.254595786 -5.018535614 1 keyframe_0205.png

207 0.568644404 0.004726393 -0.776022196 -0.272783607 12.649876595 0.365075469 -4.974885941 1 keyframe_0206.png

208 0.558001399 0.014603909 -0.785823762 -0.266274393 13.064285278 0.502880991 -4.775700092 1 keyframe_0207.png

209 0.554198027 0.023854308 -0.792222023 -0.254322350 13.259886742 0.764223874 -4.639289379 1 keyframe_0208.png

210 0.552471161 0.002522409 -0.796261489 -0.246448591 13.667328835 0.268279463 -4.883721828 1 keyframe_0209.png

211 0.552218139 -0.002390527 -0.797547877 -0.242830992 13.858647346 0.142803311 -4.940800190 1 keyframe_0210.png

212 0.553093970 -0.013503023 -0.801738739 -0.226096779 14.039528847 -0.075491711 -4.998348236 1 keyframe_0211.png

213 0.556811929 -0.044883192 -0.790515006 -0.251061738 14.026033401 -1.110797167 -5.429430008 1 keyframe_0212.png

214 0.559193730 -0.056710649 -0.778961658 -0.278037846 14.019992828 -1.608793139 -5.697351456 1 keyframe_0213.png

215 0.571614087 -0.091250286 -0.765117407 -0.282003731 13.713807106 -2.486857891 -6.281030178 1 keyframe_0214.png

216 0.639826775 -0.096327811 -0.708867073 -0.280802667 12.404590607 -1.921728611 -8.285250664 1 keyframe_0215.png

217 0.696512997 -0.114645511 -0.655411661 -0.268629193 10.715205193 -1.738777161 -9.861059189 1 keyframe_0216.png

218 0.748681068 -0.071494937 -0.615245163 -0.236301824 9.355870247 0.074903443 -10.576042175 1 keyframe_0217.png

219 0.790626347 0.089155324 -0.570587456 -0.203448415 6.898536205 4.339317322 -9.091506958 1 keyframe_0218.png

220 0.787604034 0.084747940 -0.587721407 -0.164563805 6.654160023 4.214267254 -8.901994705 1 keyframe_0219.png

221 0.833003163 0.063777342 -0.521050513 -0.174769953 4.796339512 3.895173550 -9.821047783 1 keyframe_0220.png

222 0.841189444 0.025904389 -0.520577967 -0.143971920 4.609019279 3.072960615 -10.447407722 1 keyframe_0221.png

223 0.862935424 -0.001806284 -0.476828456 -0.167254075 3.987362385 2.691401958 -11.458525658 1 keyframe_0222.png

224 0.867575109 0.053382576 -0.469758958 -0.154241025 3.889419317 3.983931303 -11.601946831 1 keyframe_0223.png

225 0.924348712 0.002664838 -0.363146901 -0.117032997 0.846658170 3.134434700 -13.473775864 1 keyframe_0224.png

226 0.948793709 0.028443355 -0.310009122 -0.053627405 -1.039312720 3.300710917 -13.750514030 1 keyframe_0225.png

227 0.970644176 0.009806550 -0.231654778 -0.063952215 -3.057736874 3.257546425 -14.116864204 1 keyframe_0226.png

228 0.998328745 0.005818883 -0.057424258 -0.002875505 -8.117092133 2.637076616 -13.163338661 1 keyframe_0227.png

229 0.999801993 0.008131519 -0.006585252 0.016925000 -9.551540375 2.392941952 -12.400388718 1 keyframe_0228.png

230 0.975783587 -0.006849757 0.200414285 0.087370358 -14.022777557 0.388076544 -7.819386959 1 keyframe_0229.png

231 0.966310740 -0.000501415 0.237703085 0.098694012 -14.574896812 0.207349390 -6.738856792 1 keyframe_0230.png

232 0.962237000 -0.002276648 0.250350922 0.106860615 -14.739347458 -0.007504040 -6.368443012 1 keyframe_0231.png

233 0.960500777 -0.014906163 0.252152741 0.116769142 -14.736080170 -0.444266617 -6.337412357 1 keyframe_0232.png

234 0.959503889 -0.025047749 0.241377950 0.143044069 -14.534981728 -1.188098788 -6.628289700 1 keyframe_0233.png

235 0.959966302 -0.029925840 0.238686308 0.143520162 -14.452986717 -1.232897043 -6.687945843 1 keyframe_0234.png

236 0.960519433 -0.022476004 0.226545364 0.159920067 -14.194061279 -1.416748643 -6.960535526 1 keyframe_0235.png

237 0.965563416 0.006102020 0.236208379 0.108883776 -14.084039688 0.407767892 -6.512853146 1 keyframe_0236.png

238 0.965320110 0.006856159 0.233802661 0.115958661 -13.652099609 0.187373355 -6.488223553 1 keyframe_0237.png

239 0.964829862 -0.002439942 0.238668635 0.110157900 -13.517392159 0.146649003 -6.358584404 1 keyframe_0238.png

240 0.963869870 -0.004966723 0.239386290 0.116723798 -13.341570854 -0.055264302 -6.308707237 1 keyframe_0239.png

241 0.962318599 -0.002309008 0.248261556 0.110922448 -13.017457008 0.127027467 -5.957098484 1 keyframe_0240.png

242 0.962382555 0.017207449 0.247301981 0.111200459 -12.831981659 0.475783944 -5.850233555 1 keyframe_0241.png

243 0.963185430 0.001986896 0.244097188 0.112634324 -12.590641975 0.176750749 -5.942430496 1 keyframe_0242.png

244 0.964251459 -0.008109889 0.242052883 0.107534789 -12.361041069 0.098736286 -5.983801842 1 keyframe_0243.png

245 0.964663565 -0.013412013 0.236054316 0.116287299 -12.047559738 -0.154787511 -6.057223320 1 keyframe_0244.png

246 0.964409292 -0.007891103 0.239416465 0.111947387 -11.893667221 0.020831075 -5.883386135 1 keyframe_0245.png

247 0.963037610 -0.000855463 0.246423438 0.108781502 -11.557616234 0.091049023 -5.545353413 1 keyframe_0246.png

248 0.962045610 0.011046515 0.249436647 0.110125147 -11.352000237 0.186328575 -5.347179890 1 keyframe_0247.png

249 0.961215913 0.005382533 0.253335088 0.108887225 -11.188917160 0.105464607 -5.190124989 1 keyframe_0248.png

250 0.959716976 -0.003773922 0.259407043 0.107875094 -10.961936951 0.004034010 -4.938299179 1 keyframe_0249.png

251 0.958984196 -0.006656799 0.265515894 0.099027164 -10.671751976 0.071400426 -4.644075394 1 keyframe_0250.png

252 0.959099889 -0.007961071 0.258371681 0.115361281 -10.408995628 -0.311612815 -4.674273968 1 keyframe_0251.png

253 0.960033774 -0.000900962 0.252348840 0.121055767 -10.208787918 -0.339471877 -4.671292782 1 keyframe_0252.png

254 0.962374032 0.000680890 0.245575219 0.116312422 -9.786602974 -0.282975882 -4.544863701 1 keyframe_0253.png

255 0.962357640 -0.003077345 0.243888438 0.119903088 -9.594903946 -0.452711731 -4.481109142 1 keyframe_0254.png

256 0.962579489 0.015523046 0.248513386 0.106962286 -9.112929344 -0.145859614 -4.023467541 1 keyframe_0255.png

257 0.961048007 -0.001811027 0.257272840 0.100966550 -8.392474174 -0.426704586 -3.477478266 1 keyframe_0256.png

258 0.960324287 -0.003098829 0.254145354 0.114794821 -8.124674797 -0.861169875 -3.406931400 1 keyframe_0257.png

259 0.960403383 -0.000843555 0.256546021 0.108668245 -8.047063828 -0.836175084 -3.301300287 1 keyframe_0258.png

260 0.960019708 -0.000946341 0.251978487 0.121935271 -7.861733913 -1.122078657 -3.298169374 1 keyframe_0259.png

261 0.954693317 0.008517239 0.270566106 0.123620875 -7.700942516 -1.264874935 -2.865739346 1 keyframe_0260.png

262 0.951854229 0.015150324 0.280796289 0.122055240 -7.659245491 -1.216366410 -2.659196377 1 keyframe_0261.png

263 0.949692547 0.018174672 0.287598610 0.122641034 -7.589112282 -1.205084205 -2.508377790 1 keyframe_0262.png

264 0.947670519 0.023093536 0.293845415 0.122646473 -7.460304737 -1.119371653 -2.344163418 1 keyframe_0263.png

265 0.947532952 0.037645370 0.296200514 0.114146471 -7.409469604 -0.845101357 -2.276714563 1 keyframe_0264.png

266 0.948350906 0.040531099 0.299683273 0.095800415 -7.346636772 -0.545495391 -2.209904909 1 keyframe_0265.png

267 0.949844956 0.034006722 0.288214803 0.116491660 -7.154901505 -0.770195961 -2.456542015 1 keyframe_0266.png

268 0.950416803 0.030548446 0.289347947 0.109783836 -7.123769760 -0.619045019 -2.514079809 1 keyframe_0267.png

269 0.950359464 0.031665556 0.299508423 0.078159600 -7.184713364 -0.173136592 -2.442057848 1 keyframe_0268.png

270 0.949624896 0.012696428 0.308976799 0.050840452 -7.264661312 -0.015465677 -2.432573080 1 keyframe_0269.png

271 0.948693693 -0.010162103 0.312981069 0.043816734 -7.348994255 -0.124744795 -2.460428715 1 keyframe_0270.png

272 0.948697686 -0.033664823 0.307534426 0.065283686 -7.406461239 -0.592581511 -2.579210997 1 keyframe_0271.png

273 0.948336065 -0.024002764 0.300994664 0.097389869 -7.518713474 -0.866766393 -2.665270567 1 keyframe_0272.png

274 0.946256876 -0.003025909 0.297763616 0.126196653 -7.813409805 -0.939488709 -2.605870485 1 keyframe_0273.png

275 0.946314037 -0.007819718 0.302821964 0.112816051 -8.082009315 -0.763546050 -2.437373877 1 keyframe_0274.png

276 0.946988344 -0.004313662 0.297556102 0.121057272 -8.311511040 -0.778813243 -2.396633387 1 keyframe_0275.png

277 0.948159039 -0.002153480 0.291460961 0.126650423 -8.514419556 -0.695919871 -2.338376760 1 keyframe_0276.png

278 0.947497666 0.005011638 0.276855558 0.159918994 -8.614987373 -0.998834491 -2.423349142 1 keyframe_0277.png

279 0.947778344 0.012797305 0.285575747 0.141417593 -8.822984695 -0.559638619 -2.129959822 1 keyframe_0278.png

280 0.946372628 0.045963038 0.290288985 0.134158581 -8.955554962 -0.118749090 -1.905063272 1 keyframe_0279.png

281 0.946674168 0.017376754 0.295310706 0.127662420 -9.052670479 -0.213009328 -1.926105618 1 keyframe_0280.png

282 0.946234107 -0.001597983 0.299255103 0.122820690 -9.139083862 -0.259489387 -1.982712150 1 keyframe_0281.png

283 0.946535766 0.008472353 0.296408325 0.127044976 -9.214995384 -0.166430637 -2.096547842 1 keyframe_0282.png

284 0.947803020 0.012264496 0.300507784 0.105896793 -9.292640686 0.206471220 -2.099328756 1 keyframe_0283.png

285 0.949619055 0.005891657 0.289351642 0.120268725 -9.340795517 -0.068928666 -2.398871183 1 keyframe_0284.png

286 0.951056242 -0.000189502 0.282346249 0.125588760 -9.404584885 -0.152603358 -2.611390352 1 keyframe_0285.png

287 0.953041136 -0.012060325 0.279115885 0.116882689 -9.470470428 -0.199263066 -2.854416370 1 keyframe_0286.png

288 0.952313185 -0.015743123 0.264015406 0.152143493 -9.339970589 -0.856215060 -3.131955385 1 keyframe_0287.png

289 0.960024059 0.005406864 0.250951409 0.123887300 -9.107041359 -0.028699903 -3.238080740 1 keyframe_0288.png

290 0.999753892 0.013133150 -0.005612616 0.016975245 -5.505226612 1.551521897 -6.828108788 1 keyframe_0289.png

291 0.971492290 0.002956827 -0.223014355 -0.080365524 -1.591841578 2.008825541 -8.175661087 1 keyframe_0290.png

292 0.953410685 0.019816803 -0.286506116 -0.092356436 -0.768531084 1.898216605 -8.308539391 1 keyframe_0291.png

293 0.947654784 0.005458605 -0.305101901 -0.093987018 -0.760538757 1.725897193 -8.453676224 1 keyframe_0292.png

294 0.914790273 0.011290730 -0.383903414 -0.125097692 0.448267311 1.510856986 -8.920495987 1 keyframe_0293.png

295 0.919501722 0.006100547 -0.373676538 -0.121841304 -0.060511716 1.497278571 -9.410084724 1 keyframe_0294.png

296 0.920403779 0.037324287 -0.371589661 -0.115693264 -0.260628670 2.046964645 -9.591336250 1 keyframe_0295.png

297 0.923079848 0.021522099 -0.369834214 -0.103358857 -0.462055087 1.776695728 -10.295783043 1 keyframe_0296.png

298 0.923100710 0.011484658 -0.367638499 -0.112228401 -0.459845662 1.768586040 -10.824575424 1 keyframe_0297.png

299 0.925324678 0.003732611 -0.364242703 -0.105297491 -0.575849950 1.695629001 -11.354010582 1 keyframe_0298.png

300 0.923066735 0.024333166 -0.369841874 -0.102823645 -0.400709331 2.284909010 -11.969067574 1 keyframe_0299.png

301 0.922776878 0.007073435 -0.368084788 -0.113782212 -0.049724236 2.672777176 -13.451338768 1 keyframe_0300.png

302 0.922963321 -0.008783083 -0.367342055 -0.114548549 -0.013373205 2.364462852 -14.095351219 1 keyframe_0301.png

303 0.918011308 -0.008851153 -0.386229813 -0.089461878 0.458663434 2.096154690 -14.526844025 1 keyframe_0302.png

304 0.915042222 0.006431532 -0.391978890 -0.094915800 0.767488301 2.653043032 -14.727896690 1 keyframe_0303.png

305 0.915592968 0.013047151 -0.390340120 -0.095676102 0.843788981 2.900385618 -14.908139229 1 keyframe_0304.png

306 0.918185949 0.010474516 -0.384796113 -0.093577944 0.850639522 2.887555599 -15.171746254 1 keyframe_0305.png

307 0.922405481 0.001121961 -0.372027755 -0.103741698 0.703947961 2.806081772 -15.410630226 1 keyframe_0306.png

308 0.933169842 -0.007895164 -0.339492112 -0.117799968 -0.111210100 2.782375813 -15.601510048 1 keyframe_0307.png

309 0.962284207 0.001162586 -0.267757118 -0.048104066 -2.543074608 2.359822512 -15.814993858 1 keyframe_0308.png

310 0.963187695 -0.023008117 -0.262545735 -0.053008191 -2.558042288 1.772854209 -15.975059509 1 keyframe_0309.png

311 0.961056054 -0.023769051 -0.270057052 -0.053623773 -2.088171959 1.804001451 -16.060678482 1 keyframe_0310.png

312 0.961642683 -0.017130995 -0.261760235 -0.080196999 -1.972659349 2.417628765 -15.905062675 1 keyframe_0311.png

313 0.974305093 -0.024003707 -0.220730305 -0.037835743 -3.255520344 1.926919341 -15.550114632 1 keyframe_0312.png

314 0.978596687 -0.010643478 -0.198650002 -0.052662998 -3.276381254 2.674358130 -14.653502464 1 keyframe_0313.png

315 0.976904929 -0.002506518 -0.203537941 -0.064982973 -2.837377071 3.070029259 -14.200809479 1 keyframe_0314.png

316 0.975195706 -0.003847379 -0.211532056 -0.065059997 -2.513138294 2.969552040 -13.946934700 1 keyframe_0315.png

317 0.982778966 0.022547930 -0.175219610 -0.054177806 -3.497539759 3.441636562 -13.255734444 1 keyframe_0316.png

318 0.996595383 -0.001028064 -0.081998661 -0.008539235 -5.912974358 2.251550198 -11.522661209 1 keyframe_0317.png

319 0.998262167 0.001113966 0.017437696 0.056279112 -8.176629066 1.126680732 -9.658135414 1 keyframe_0318.png

320 0.994319737 0.002971794 0.083349675 0.066123344 -9.019590378 0.777105927 -8.109299660 1 keyframe_0319.png

321 0.982386112 0.009345739 0.171228468 0.074236736 -9.758213997 0.380953491 -6.175516129 1 keyframe_0320.png

322 0.981723309 -0.014567068 0.173314884 0.077259853 -9.443021774 -0.142244607 -6.025742054 1 keyframe_0321.png

323 0.983718455 0.002955717 0.164980724 0.071208313 -9.116791725 0.109851874 -5.994707108 1 keyframe_0322.png

324 0.984943390 0.008156229 0.158559978 0.068401411 -8.852019310 0.155934244 -5.917018414 1 keyframe_0323.png

325 0.982355952 0.013312316 0.175918132 0.062067252 -8.975225449 0.211718291 -5.153303623 1 keyframe_0324.png

326 0.992239714 0.002576098 0.114640720 0.048075628 -8.040781021 0.221770883 -6.326176167 1 keyframe_0325.png

327 0.998250782 -0.001545153 0.040597286 0.042952057 -7.036363125 0.120657399 -7.118421555 1 keyframe_0326.png

328 0.998829842 0.002033249 0.029552914 0.038229592 -6.852931499 0.092727587 -6.902291298 1 keyframe_0327.png

329 0.999772012 -0.006174685 -0.009603756 0.018045282 -6.215830326 0.184276715 -6.985994339 1 keyframe_0328.png

330 0.993211448 0.003617123 -0.115270190 -0.015190269 -4.564713478 0.553772688 -7.683217525 1 keyframe_0329.png

331 0.995988667 -0.005151985 -0.088364944 -0.013103168 -4.796082020 1.046251059 -5.989489079 1 keyframe_0330.png

332 0.999496579 -0.006863975 -0.023327665 0.020378364 -5.254072189 0.552149475 -4.766989231 1 keyframe_0331.png

333 0.999311626 0.028050277 -0.019443473 0.014539260 -4.818896294 0.711323798 -3.978960276 1 keyframe_0332.png

334 0.999776721 0.002080497 -0.020200841 0.005838707 -4.585174084 0.538286090 -3.783074856 1 keyframe_0333.png

335 0.999269843 -0.019700369 -0.020368846 0.025628276 -4.579479694 -0.016736923 -3.540644884 1 keyframe_0334.png

336 0.999608099 0.009211513 -0.013975766 0.022437742 -4.320604801 0.190116033 -2.831155539 1 keyframe_0335.png

337 0.999654830 0.013961046 -0.006705517 0.021223897 -3.883029222 0.123043686 -2.116867781 1 keyframe_0336.png

338 0.998365700 -0.001757504 0.041093063 0.039675847 -3.305144548 0.060547687 -1.149774909 1 keyframe_0337.png

339 0.999832213 0.015251840 0.005722776 0.008383068 -2.764507532 0.473382592 -1.072329521 1 keyframe_0338.png

340 0.972081840 0.002708969 -0.225884914 -0.063447155 -2.065052271 0.641316354 -2.416215420 1 keyframe_0339.png

341 0.970447838 0.001557508 -0.234814122 -0.055596557 -2.175671816 0.457708180 -2.593680620 1 keyframe_0340.png

342 0.969014764 -0.007743670 -0.239596471 -0.059531476 -2.324290752 0.054901931 -2.782572269 1 keyframe_0341.png

343 0.969827235 0.017722277 -0.233897597 -0.066430539 -2.464676380 -0.183671728 -2.905959129 1 keyframe_0342.png

344 0.965962231 0.044003166 -0.240483016 -0.084549859 -2.477962255 -0.105774485 -3.224751711 1 keyframe_0343.png

345 0.961956501 0.001355866 -0.263139933 -0.073452123 -2.399226665 -0.485471070 -3.679845095 1 keyframe_0344.png

346 0.954070389 -0.019291773 -0.280335844 -0.103871778 -2.357629776 -0.817055821 -4.272430897 1 keyframe_0345.png

347 0.959384978 0.003684317 -0.270542383 -0.079835489 -2.528026581 -1.240045309 -4.632506847 1 keyframe_0346.png

348 0.952426553 -0.007247673 -0.296680212 -0.069368348 -2.342023849 -1.425448895 -4.891313553 1 keyframe_0347.png

349 0.946791887 -0.024786806 -0.314206332 -0.065154716 -2.140417814 -1.452821851 -4.908896923 1 keyframe_0348.png

350 0.948677480 0.007154034 -0.304723412 -0.084282532 -1.871222734 -0.791131139 -4.970784187 1 keyframe_0349.png

351 0.940303326 -0.003337659 -0.328830242 -0.087688215 -1.422280312 -0.214980483 -5.195644379 1 keyframe_0350.png

352 0.949383497 -0.007764722 -0.303092241 -0.082132928 -1.710659742 -0.042777460 -4.972600937 1 keyframe_0351.png

353 0.951986492 -0.002135517 -0.288781643 -0.101598911 -1.668019652 0.696434081 -4.430939674 1 keyframe_0352.png

354 0.970535934 -0.005388100 -0.232882589 -0.061617915 -2.225735188 0.867795765 -4.066608906 1 keyframe_0353.png

355 0.999601424 0.000712551 -0.004118075 0.027920371 -3.791772127 0.470328957 -2.543783665 1 keyframe_0354.png

356 0.997873902 -0.009799754 0.039894205 0.050597966 -3.507469416 0.302081019 -1.990723372 1 keyframe_0355.png

357 0.996896088 0.000558461 0.060826719 0.049979419 -2.732758522 0.287863463 -1.393606067 1 keyframe_0356.png

358 0.996360421 -0.007841541 0.067874461 0.050965272 -2.088948011 0.236802623 -1.046516299 1 keyframe_0357.png

359 0.994645178 0.016617183 0.078856334 0.064703509 -1.421161175 0.141250744 -0.558008254 1 keyframe_0358.png

360 0.992372155 -0.003196731 0.109026372 0.057450280 -0.834593713 0.250625134 -0.234110177 1 keyframe_0359.png

361 0.992249012 0.033329438 0.113871194 0.036938261 -0.454738915 0.251333475 -0.145118147 1 keyframe_0360.png

362 0.992501855 0.001720450 0.120815210 0.018459566 -0.211387396 0.180159196 -0.195920110 1 keyframe_0361.png

363 0.992129743 -0.005381592 0.112426065 0.054863635 -0.125856236 -0.006353660 -0.217545882 1 keyframe_0362.png

364 0.991270900 0.026840614 0.110288806 0.067066692 -0.027207946 -0.268901885 -0.111500278 1 keyframe_0363.png

365 0.991786182 0.003203486 0.111243322 0.063046649 0.059127789 -0.292605698 -0.130324841 1 keyframe_0364.png

366 0.992316246 0.002854312 0.116251990 0.042259075 0.102494933 -0.265044570 -0.149231568 1 keyframe_0365.png

367 0.991493821 0.018858198 0.099731766 0.081474110 0.155222729 -0.221112072 -0.151808277 1 keyframe_0366.png

368 0.991789699 -0.039782308 0.117506035 0.031030841 0.180649489 -0.373888642 -0.215123639 1 keyframe_0367.png

369 0.996746302 -0.024550388 0.075904846 0.011511313 0.180728674 -0.364672244 -0.177161276 1 keyframe_0368.png

370 0.997138023 -0.010218726 0.074580200 0.007016391 0.174526230 -0.362589091 -0.189486369 1 keyframe_0369.png

