1 0.999050319 -0.036694333 0.021664793 -0.009093505 0.025034856 -0.380506247 -0.178722918 1 keyframe_0000_id588.png

2 0.999129117 -0.036045887 0.019927433 -0.006680015 0.026738085 -0.378232688 -0.177705333 1 keyframe_0001_id589.png

3 0.999322832 -0.033119161 0.014932659 -0.005835653 0.027263215 -0.366980851 -0.174924314 1 keyframe_0002_id591.png

4 0.999447107 -0.030247115 0.012223413 -0.006420758 0.027179105 -0.360132635 -0.174448758 1 keyframe_0003_id592.png

5 0.999687433 -0.020670930 0.010939181 -0.008835200 0.024501506 -0.349466264 -0.177335158 1 keyframe_0004_id593.png

6 0.999774933 -0.015965933 0.009068901 -0.010629302 0.022013525 -0.345163256 -0.179880217 1 keyframe_0005_id594.png

7 0.999835670 -0.012801603 0.006443138 -0.011103494 0.020028153 -0.339910656 -0.180119962 1 keyframe_0006_id595.png

8 0.999881744 -0.011148695 0.003864599 -0.009865764 0.018686330 -0.332802713 -0.178002670 1 keyframe_0007_id596.png

9 0.999898255 -0.010678917 0.001567502 -0.009330919 0.017044106 -0.322195500 -0.173229203 1 keyframe_0008_id597.png

10 0.998066187 0.046861000 -0.036832135 -0.017643318 -0.002382555 -0.278811634 -0.198923364 1 keyframe_0009_id600.png

11 0.995534956 0.078357697 -0.048991609 -0.019239025 0.002938019 -0.188379928 -0.191308290 1 keyframe_0010_id602.png

12 0.996994138 0.052059025 -0.056988832 0.006699148 -0.013315564 -0.026403982 -0.109084144 1 keyframe_0011_id604.png

13 0.998331070 -0.030348847 -0.037712663 -0.031493541 -0.027199026 -0.367252231 -0.241414115 1 keyframe_0012_id607.png

14 0.998514235 -0.029070240 -0.034818649 -0.030197024 -0.027634984 -0.367031544 -0.241196483 1 keyframe_0013_id608.png

15 0.999586642 -0.015081274 -0.016345406 -0.018218815 -0.030031420 -0.364297271 -0.244329676 1 keyframe_0014_id610.png

16 0.999205172 0.012470527 -0.037786253 0.002401698 -0.463108778 0.503513336 -0.663522482 1 keyframe_0015_id614.png

17 0.999333084 0.000606678 -0.036450632 0.002101647 -0.597922027 0.567483127 -0.851929307 1 keyframe_0016_id615.png

18 0.999024868 0.012669447 -0.040852666 0.010949501 -0.766026855 0.679675579 -0.991184533 1 keyframe_0017_id616.png

19 0.999152958 0.020491773 -0.033374228 -0.012634421 -0.875074327 0.867071033 -1.124984384 1 keyframe_0018_id617.png

20 0.995102227 0.023657734 -0.095503867 -0.009532875 -1.000702024 0.916864932 -1.696109533 1 keyframe_0019_id618.png

21 0.973905742 0.000010464 -0.212278381 -0.080283858 -0.506560564 1.218757749 -2.535820484 1 keyframe_0020_id619.png

22 0.892947137 0.012073761 -0.424504966 -0.149316013 0.440895945 1.215046763 -3.355009079 1 keyframe_0021_id620.png

23 0.838193417 -0.002540138 -0.513831258 -0.182764232 -0.494665444 1.704469562 -5.049282551 1 keyframe_0022_id622.png

24 0.838787258 -0.007141828 -0.509823263 -0.190958619 -1.230931759 1.856523156 -5.461548805 1 keyframe_0023_id623.png

25 0.835882664 0.006151941 -0.519929290 -0.175886318 -1.774806380 1.890308022 -5.859719753 1 keyframe_0024_id624.png

26 0.813324094 -0.005135644 -0.550491810 -0.188245460 -1.577224374 1.915534258 -6.209071636 1 keyframe_0025_id625.png

27 0.769095361 -0.010941995 -0.604864240 -0.206184164 -0.967105985 1.969958186 -6.697961330 1 keyframe_0026_id626.png

28 0.746747553 -0.006910338 -0.630167425 -0.212625280 -0.612306893 2.014975548 -6.879437447 1 keyframe_0027_id627.png

29 0.710860848 0.002482064 -0.667190552 -0.222547635 -0.016298635 2.110438824 -7.109638214 1 keyframe_0028_id628.png

30 0.669203997 0.014984700 -0.700710535 -0.246872976 0.548532307 2.454248190 -7.509640694 1 keyframe_0029_id631.png

31 0.665116787 -0.004516130 -0.698469043 -0.264083803 0.475883931 2.565692186 -7.791440964 1 keyframe_0030_id633.png

32 0.664929688 -0.023640016 -0.695566118 -0.271104008 0.387379438 2.533575773 -7.967797756 1 keyframe_0031_id634.png

33 0.638576865 -0.022116257 -0.726581156 -0.252606928 0.515572309 2.699002266 -8.736406326 1 keyframe_0032_id639.png

34 0.619868159 -0.045770712 -0.753871620 -0.212946206 0.609628260 1.990709305 -9.373680115 1 keyframe_0033_id642.png

35 0.617842257 -0.054377530 -0.751847386 -0.223695219 0.485762358 2.085522890 -9.541371346 1 keyframe_0034_id643.png

36 0.619914353 -0.058469020 -0.742307425 -0.247522503 0.197644740 2.452476263 -9.653411865 1 keyframe_0035_id645.png

37 0.579053640 -0.056297582 -0.779587269 -0.231886104 0.448989898 2.139310360 -10.066428185 1 keyframe_0036_id650.png

38 0.552636266 -0.049554657 -0.798285067 -0.234261349 0.965187311 2.138497591 -10.063761711 1 keyframe_0037_id651.png

39 0.521814108 -0.043493837 -0.818425417 -0.236639082 1.556996346 2.100445747 -10.020218849 1 keyframe_0038_id652.png

40 0.458225697 -0.041686874 -0.852955401 -0.246492431 2.719318390 1.954262853 -9.803821564 1 keyframe_0039_id654.png

41 0.430857420 -0.046396516 -0.863000572 -0.259690881 3.161280870 1.942102790 -9.658985138 1 keyframe_0040_id655.png

42 0.411097497 -0.049629357 -0.866896212 -0.277536958 3.417471886 2.047623873 -9.518537521 1 keyframe_0041_id656.png

43 0.396305025 -0.049486816 -0.867291689 -0.297150850 3.584163904 2.261258841 -9.370862007 1 keyframe_0042_id657.png

44 0.380215466 -0.067074545 -0.866018772 -0.317724288 3.157212019 2.399299622 -9.283040047 1 keyframe_0043_id661.png

45 0.382146060 -0.065080464 -0.867772460 -0.310966104 2.902270555 2.393541336 -9.309177399 1 keyframe_0044_id662.png

46 0.388972402 -0.044620816 -0.869370401 -0.301504046 2.331326723 2.636558294 -9.285906792 1 keyframe_0045_id664.png

47 0.392628372 -0.042081289 -0.866323113 -0.305869848 2.025273561 2.795560837 -9.254220963 1 keyframe_0046_id665.png

48 0.397194177 -0.049908951 -0.861781061 -0.311575651 1.674199581 2.872307777 -9.249882698 1 keyframe_0047_id666.png

49 0.402417272 -0.038760617 -0.862915695 -0.303206891 1.050578237 2.907216549 -9.245965958 1 keyframe_0048_id668.png

50 0.397801518 -0.029635474 -0.869036376 -0.292662770 0.880452156 2.797124147 -9.271118164 1 keyframe_0049_id669.png

51 0.387611121 -0.024867287 -0.874828160 -0.289508075 0.828401446 2.751998425 -9.262471199 1 keyframe_0050_id670.png

52 0.373166203 -0.023637978 -0.881728947 -0.287649602 0.854588032 2.680317163 -9.262791634 1 keyframe_0051_id671.png

53 0.353238881 -0.024166446 -0.891309202 -0.283206940 0.988420248 2.528562784 -9.278042793 1 keyframe_0052_id672.png

54 0.329834163 -0.020680111 -0.899345398 -0.286285877 1.201348543 2.534072876 -9.244026184 1 keyframe_0053_id673.png

55 0.278616667 -0.005580742 -0.906921506 -0.315966785 1.459691048 3.068413973 -9.013297081 1 keyframe_0054_id676.png

56 0.280025303 0.061152909 -0.910466254 -0.298156649 0.208962277 3.211626768 -9.203885078 1 keyframe_0055_id681.png

57 0.296489149 0.050100867 -0.912137032 -0.278550088 -0.398808092 2.692870140 -9.455489159 1 keyframe_0056_id683.png

58 0.302077234 0.040219478 -0.915221632 -0.263630718 -0.565701544 2.341105700 -9.559952736 1 keyframe_0057_id684.png

59 0.316763490 0.023599694 -0.916903019 -0.241646037 -1.022407174 1.797955155 -9.684837341 1 keyframe_0058_id686.png

60 0.340881079 0.108405307 -0.906727314 -0.223369628 -1.573062658 1.575988412 -9.503718376 1 keyframe_0059_id692.png

61 0.339021891 0.097115852 -0.903740585 -0.242663562 -1.424085140 1.933629870 -9.347388268 1 keyframe_0060_id693.png

62 0.340200663 0.065802328 -0.898920774 -0.268095315 -1.357848167 2.292306185 -9.186245918 1 keyframe_0061_id694.png

63 0.384960562 0.027484307 -0.869127870 -0.309300333 -1.239514709 2.821227312 -8.574643135 1 keyframe_0062_id698.png

64 0.392223477 0.020802714 -0.868116558 -0.303482562 -1.104476333 2.652918577 -8.584883690 1 keyframe_0063_id699.png

65 0.394992560 0.016979869 -0.874258757 -0.281716526 -0.856259346 2.182266951 -8.698849678 1 keyframe_0064_id700.png

66 0.394910991 0.020591103 -0.871857882 -0.288938165 0.103113241 2.089796782 -8.660449028 1 keyframe_0065_id703.png

67 0.406067878 0.034019895 -0.870713055 -0.275336742 0.523123145 1.898448586 -8.676441193 1 keyframe_0066_id705.png

68 0.447020471 0.027443731 -0.854963481 -0.261642873 0.161367670 1.719214201 -8.738808632 1 keyframe_0067_id706.png

69 0.504123509 0.027652813 -0.830743611 -0.234435171 -0.482341975 1.431688786 -8.788699150 1 keyframe_0068_id707.png

70 0.652090549 0.028138453 -0.736892879 -0.175997242 -2.049690723 0.904663980 -8.652863503 1 keyframe_0069_id710.png

71 0.765773177 -0.054584451 -0.625727236 -0.138121128 -3.504812002 -0.150935695 -8.190515518 1 keyframe_0070_id713.png

72 0.800509334 -0.055806987 -0.582263887 -0.130534276 -3.995050430 -0.228056163 -7.914767742 1 keyframe_0071_id714.png

73 0.834004104 -0.046845317 -0.535245121 -0.125520170 -4.487425327 -0.156088248 -7.559812069 1 keyframe_0072_id715.png

74 0.860278547 -0.040847424 -0.493045002 -0.123121984 -4.861725807 -0.057261191 -7.224505424 1 keyframe_0073_id716.png

75 0.874761820 -0.045006532 -0.468780458 -0.114066206 -4.943777084 -0.149616420 -7.039857864 1 keyframe_0074_id717.png

76 0.882649004 -0.039315742 -0.459263891 -0.091987498 -4.709491730 -0.373934388 -7.009389400 1 keyframe_0075_id718.png

77 0.881817341 -0.034249388 -0.463126034 -0.082094215 -4.225135326 -0.416318834 -7.075621128 1 keyframe_0076_id719.png

78 0.872765899 -0.037662920 -0.480096251 -0.079805538 -3.069589853 -0.472907573 -7.081178188 1 keyframe_0077_id721.png

79 0.873162031 -0.035735760 -0.472295105 -0.115101933 -2.808879137 -0.050404944 -6.939743042 1 keyframe_0078_id722.png

80 0.871506989 -0.034528930 -0.462942123 -0.158012435 -2.420522213 0.406920135 -6.698816776 1 keyframe_0079_id723.png

81 0.866335571 -0.031710971 -0.462870836 -0.184953466 -1.763024569 0.635880351 -6.330375195 1 keyframe_0080_id724.png

82 0.814502299 0.017184500 -0.521876276 -0.252855688 -0.027806824 1.185402870 -5.796166420 1 keyframe_0081_id725.png

83 0.757869661 -0.014322787 -0.588818967 -0.280571759 1.006945252 0.628363609 -5.643021584 1 keyframe_0082_id726.png

84 0.725758374 -0.009961974 -0.609910727 -0.318095088 1.387549520 0.665912390 -5.523619652 1 keyframe_0083_id727.png

85 0.709754169 0.012872165 -0.643709660 -0.285869271 1.648354411 0.590259373 -5.469367981 1 keyframe_0084_id728.png

86 0.704944372 -0.026537566 -0.669769764 -0.231857270 1.525750518 -0.044447932 -5.588663578 1 keyframe_0085_id729.png

87 0.696803808 -0.058385305 -0.669257045 -0.251297861 1.230679154 -0.100411333 -5.676843166 1 keyframe_0086_id730.png

88 0.655674815 -0.046552707 -0.715482831 -0.236659497 1.584946156 -0.101252541 -5.579268456 1 keyframe_0087_id731.png

89 0.612049341 -0.035691701 -0.745103896 -0.262567848 1.888385534 0.105020285 -5.460200310 1 keyframe_0088_id732.png

90 0.581708252 -0.054880202 -0.770042658 -0.256199092 1.935535789 -0.151403338 -5.422185421 1 keyframe_0089_id733.png

91 0.564962447 -0.072053216 -0.783714294 -0.247825906 1.682297707 -0.364116699 -5.445533276 1 keyframe_0090_id734.png

92 0.568123102 -0.054059133 -0.772341669 -0.278930277 0.980737031 0.078052863 -5.474391460 1 keyframe_0091_id735.png

93 0.572224975 -0.048050843 -0.779490650 -0.250287861 0.436801851 -0.019186404 -5.411596775 1 keyframe_0092_id736.png

94 0.571028054 -0.050896086 -0.785505176 -0.233062491 -0.232668161 -0.118006051 -5.281441212 1 keyframe_0093_id737.png

95 0.552992821 -0.037368223 -0.793485105 -0.251364201 -0.602349997 0.087006003 -5.145888805 1 keyframe_0094_id738.png

96 0.530935168 -0.021684511 -0.799309790 -0.280609131 -1.078368425 0.362748295 -4.994598389 1 keyframe_0095_id739.png

97 0.523964465 0.007880614 -0.789215207 -0.320216507 -1.597152233 0.762779415 -4.856072903 1 keyframe_0096_id740.png

98 0.522136986 0.027168246 -0.784174085 -0.334224433 -2.185526609 0.871865809 -4.832286358 1 keyframe_0097_id741.png

99 0.514268100 0.061861016 -0.800977528 -0.300227463 -2.677755594 0.454633653 -5.154561520 1 keyframe_0098_id742.png

100 0.494953603 0.051309045 -0.814496696 -0.298300982 -2.852905512 0.449643731 -5.451783657 1 keyframe_0099_id743.png

101 0.432694465 0.086418495 -0.853883088 -0.276027292 -2.394819260 0.271100730 -6.375312805 1 keyframe_0100_id744.png

102 0.413626760 0.029327707 -0.872512341 -0.258408546 -2.254434824 0.218050495 -7.313130856 1 keyframe_0101_id746.png

103 0.420872003 0.019317208 -0.865531445 -0.270830125 -2.023837566 0.524694622 -7.844803333 1 keyframe_0102_id747.png

104 0.416439384 0.047053561 -0.873911858 -0.246256679 -1.192253590 0.379769474 -8.362268448 1 keyframe_0103_id749.png

105 0.417542189 0.030865368 -0.870989025 -0.257068217 -0.972885370 0.402790546 -8.506721497 1 keyframe_0104_id750.png

106 0.421076179 0.010535661 -0.864334464 -0.274790525 -0.806434393 0.550233185 -8.595219612 1 keyframe_0105_id751.png

107 0.421146244 0.021518636 -0.851883233 -0.310592592 -0.397538990 1.209975481 -8.643062592 1 keyframe_0106_id752.png

108 0.419237912 0.027408263 -0.862346113 -0.282573164 0.062907331 0.824450135 -8.792977333 1 keyframe_0107_id753.png

109 0.407831013 0.052168544 -0.873511374 -0.260634214 0.999589562 0.810728073 -8.881748199 1 keyframe_0108_id754.png

110 0.392256409 0.014866430 -0.877074122 -0.276866376 2.688671827 1.198915601 -8.792853355 1 keyframe_0109_id756.png

111 0.388110757 0.001410447 -0.878569007 -0.278360546 3.349908352 1.232343912 -8.710618973 1 keyframe_0110_id757.png

112 0.392107159 -0.025209930 -0.880235612 -0.266085982 3.943947315 0.884188235 -8.711838722 1 keyframe_0111_id758.png

113 0.398995608 -0.033375580 -0.883576393 -0.242860824 4.480144501 0.590169787 -8.632826805 1 keyframe_0112_id759.png

114 0.398292542 -0.068743154 -0.876870751 -0.260259777 5.440309525 0.346035272 -8.090816498 1 keyframe_0113_id760.png

115 0.397722006 -0.080565318 -0.873147011 -0.270075440 5.825493813 0.062241271 -7.669589520 1 keyframe_0114_id761.png

116 0.396721780 -0.091281660 -0.869916379 -0.278433174 6.045699596 -0.299409181 -7.159808636 1 keyframe_0115_id762.png

117 0.395736605 -0.104865529 -0.856123805 -0.315353453 6.010061741 -0.513456345 -6.491784573 1 keyframe_0116_id763.png

118 0.394063413 -0.055601820 -0.864295781 -0.307595998 6.053036690 -0.058185928 -5.585886478 1 keyframe_0117_id764.png

119 0.396043867 -0.009990948 -0.853665292 -0.338090181 5.714041710 0.303181529 -4.654309273 1 keyframe_0118_id765.png

120 0.397461027 0.000384147 -0.849138319 -0.347834378 5.338487625 0.224669248 -4.162525654 1 keyframe_0119_id766.png

121 0.395665467 0.024557333 -0.845342636 -0.358108431 4.864213943 0.403244823 -3.584280491 1 keyframe_0120_id767.png

122 0.392640501 0.004420152 -0.869916141 -0.298428893 4.104522228 0.131673515 -3.246824503 1 keyframe_0121_id768.png

123 0.392312825 -0.004699167 -0.871164322 -0.295197010 3.727340937 0.190712467 -3.155170918 1 keyframe_0122_id769.png

124 0.388896763 -0.044422030 -0.860155344 -0.326984406 3.181439877 0.206863463 -3.074265003 1 keyframe_0123_id770.png

125 0.371192813 -0.005407117 -0.866352856 -0.334094822 2.669528484 0.524331748 -2.849341631 1 keyframe_0124_id771.png

126 0.361845583 0.000127709 -0.864686012 -0.348404735 2.127970457 0.619696677 -2.924269915 1 keyframe_0125_id772.png

127 0.325563163 -0.029832654 -0.893611908 -0.307532728 1.155036330 0.246959552 -3.743168354 1 keyframe_0126_id773.png

128 0.279924721 -0.013533261 -0.895779908 -0.345018089 0.900294662 0.512391925 -4.153179169 1 keyframe_0127_id774.png

129 0.285439461 -0.009479311 -0.907777011 -0.307205677 -0.148205042 0.293132961 -5.037234783 1 keyframe_0128_id775.png

130 0.281895369 -0.012910051 -0.910726547 -0.301571876 -0.574683189 0.412719846 -5.325199127 1 keyframe_0129_id776.png

131 0.280807436 -0.005277744 -0.912326515 -0.297959179 -0.849282086 0.540792048 -5.484096527 1 keyframe_0130_id777.png

132 0.307593673 -0.008401538 -0.904107630 -0.296487689 -1.448339820 0.621715128 -5.551079273 1 keyframe_0131_id778.png

133 0.327593684 -0.016541202 -0.898346424 -0.292202830 -2.029785395 0.612838387 -5.604878902 1 keyframe_0132_id779.png

134 0.330299526 -0.010098393 -0.899159193 -0.286902428 -2.368553400 0.522375405 -5.700166225 1 keyframe_0133_id780.png

135 0.325185150 0.009728288 -0.895627260 -0.303334475 -2.580941439 0.727886140 -5.745831490 1 keyframe_0134_id781.png

136 0.319448620 0.036965497 -0.895366967 -0.308065355 -2.691313982 0.853436828 -5.791649818 1 keyframe_0135_id782.png

137 0.317128479 0.053553820 -0.894195735 -0.311409086 -2.780404091 1.057074666 -5.812010288 1 keyframe_0136_id783.png

138 0.315920681 0.032665934 -0.889181197 -0.329369068 -2.827780485 1.443554401 -5.764550209 1 keyframe_0137_id784.png

139 0.316917926 0.021552483 -0.888531685 -0.331074148 -2.822972536 1.632163525 -5.855283260 1 keyframe_0138_id785.png

140 0.319097221 0.000550119 -0.886689365 -0.334602237 -2.820726871 1.883023620 -5.941956043 1 keyframe_0139_id786.png

141 0.318268746 -0.001967187 -0.886489272 -0.335913539 -2.759006739 2.121749163 -6.155158997 1 keyframe_0140_id787.png

142 0.319334418 0.022880075 -0.892161191 -0.318669885 -2.727730274 2.047651768 -6.523348331 1 keyframe_0141_id788.png

143 0.319838256 0.020502660 -0.895667613 -0.308322519 -2.664414644 2.141360760 -6.869899273 1 keyframe_0142_id789.png

144 0.318272948 0.017171875 -0.895742655 -0.309923500 -2.516054869 2.304990053 -7.211816311 1 keyframe_0143_id790.png

145 0.317302883 0.018521281 -0.894156218 -0.315373510 -2.337555408 2.580821276 -7.511469841 1 keyframe_0144_id791.png

146 0.314979851 0.018488577 -0.891015887 -0.326399446 -2.105733871 3.001207590 -7.782280445 1 keyframe_0145_id792.png

147 0.313065886 0.007920538 -0.900826275 -0.300730854 -1.829953432 2.720436335 -8.338727951 1 keyframe_0146_id793.png

148 0.322392285 0.003767403 -0.899206519 -0.295764536 -1.754864097 2.746198654 -8.699375153 1 keyframe_0147_id794.png

149 0.341770977 0.016731855 -0.895268917 -0.285317689 -1.834805965 2.799520731 -9.027789116 1 keyframe_0148_id795.png

150 0.344084114 0.051963009 -0.906136990 -0.240461543 -1.489765763 2.240348339 -9.535798073 1 keyframe_0149_id796.png

151 0.340555996 0.055079438 -0.913117409 -0.217265919 -1.006897449 1.885129929 -9.782500267 1 keyframe_0150_id797.png

152 0.355776072 0.004362148 -0.900829613 -0.248817906 0.197204262 2.146372557 -9.597997665 1 keyframe_0151_id799.png

153 0.520152092 0.013104848 -0.816735387 -0.249426007 -1.971326947 2.549444199 -8.920168877 1 keyframe_0152_id800.png

154 0.702557862 0.024590511 -0.690895021 -0.168736055 -4.123572350 1.984333038 -7.787771225 1 keyframe_0153_id801.png

155 0.734959722 0.027439214 -0.665690303 -0.126244903 -3.826714277 1.750599742 -7.752864361 1 keyframe_0154_id802.png

156 0.741117179 -0.018213373 -0.658462763 -0.129770473 -2.781644106 1.668076515 -7.941952705 1 keyframe_0155_id803.png

157 0.936054468 -0.033602547 -0.325259924 -0.129918575 -1.567227602 1.517333388 -5.871615410 1 keyframe_0156_id808.png

158 0.914431572 0.005353740 -0.391695559 -0.101788543 -1.536946177 1.193668246 -4.783729076 1 keyframe_0157_id809.png

159 0.910810828 -0.002042864 -0.397918254 -0.109911479 -1.714984775 1.060265541 -4.642954826 1 keyframe_0158_id810.png

160 0.916403115 -0.001929969 -0.380918950 -0.122891597 -1.567556858 1.059588552 -3.527526140 1 keyframe_0159_id811.png

161 0.934696138 0.107547835 -0.317031175 -0.119448431 -1.696679950 1.517814040 -2.928193331 1 keyframe_0160_id812.png

162 0.939242899 0.007836452 -0.324933022 -0.110362902 -1.159339905 1.332956910 -5.460955620 1 keyframe_0161_id813.png

163 0.935408294 -0.004438388 -0.338633925 -0.101581521 -0.915256083 1.802838683 -8.365463257 1 keyframe_0162_id814.png

164 0.935968518 0.021982362 -0.343654662 -0.073356524 -1.048760414 3.117691278 -10.777891159 1 keyframe_0163_id815.png

165 0.974957228 -0.020900335 -0.219089165 0.031960852 -4.272822380 1.831972241 -12.339331627 1 keyframe_0164_id816.png

166 0.999459803 -0.021532852 -0.004203849 0.024470678 -7.295706749 2.531442165 -10.249406815 1 keyframe_0165_id817.png

167 0.998579979 -0.043680724 0.008073311 -0.029407630 -5.502604008 2.700578451 -9.324625015 1 keyframe_0166_id818.png

168 0.992742240 -0.002905262 0.090507999 0.079137325 -5.050258160 0.175856769 -3.075989485 1 keyframe_0167_id820.png

169 0.995067596 0.027866028 0.086109690 0.040609926 -2.768099070 -0.046862517 0.262645721 1 keyframe_0168_id821.png

170 0.999009669 0.037990678 0.016618956 0.016130488 -2.270804644 -0.342827290 0.721129656 1 keyframe_0169_id822.png

171 0.995233953 0.010655367 -0.094423354 -0.021912172 -2.264729500 -0.604930997 0.604578912 1 keyframe_0170_id823.png

172 0.993374228 0.037526894 -0.105351441 -0.026467079 -2.245755672 -0.806189895 0.705221951 1 keyframe_0171_id824.png

173 0.995409548 0.015286543 -0.094475210 0.000769636 -1.836645842 -0.661879480 1.028264165 1 keyframe_0172_id825.png

174 0.995696843 0.013277156 -0.084281474 -0.036169030 -1.541481614 -0.596912146 1.120155931 1 keyframe_0173_id826.png

175 0.995035231 0.012529478 -0.094772160 -0.027678831 -1.401547909 -0.586152434 1.010977030 1 keyframe_0174_id827.png

176 0.994032562 -0.001956428 -0.109013796 -0.003385083 -1.200999618 -0.678120553 1.038970232 1 keyframe_0175_id828.png

177 0.958149374 0.009893176 -0.276742250 -0.072564520 -1.560318112 -0.731121778 0.570873082 1 keyframe_0176_id829.png

178 0.853167772 0.016886177 -0.486571252 -0.187264577 -1.794901848 -0.205239460 -0.272438228 1 keyframe_0177_id830.png

179 0.660817981 -0.003693767 -0.697204888 -0.277869284 -1.515924215 -0.053808384 -1.598722577 1 keyframe_0178_id831.png

180 0.444279194 -0.046883803 -0.834003389 -0.323815316 -0.928084135 0.208082303 -3.009251833 1 keyframe_0179_id832.png

181 0.388353616 0.130144283 -0.884805143 -0.222179726 -1.379243374 0.234386981 -6.216708183 1 keyframe_0180_id833.png

182 0.439787328 0.027008779 -0.868118644 -0.228533641 -1.512935519 0.067022115 -7.168866158 1 keyframe_0181_id834.png

183 0.531004548 -0.004774137 -0.816596270 -0.226234466 -2.257180452 -0.040864106 -7.533028603 1 keyframe_0182_id835.png

184 0.591067314 0.024463866 -0.767873764 -0.245786190 -2.415687561 0.608423591 -7.870442867 1 keyframe_0183_id836.png

185 0.651479602 0.048695639 -0.738574684 -0.166464746 -2.617297888 -0.126928806 -8.119358063 1 keyframe_0184_id837.png

186 0.708060920 0.040339362 -0.688315153 -0.152462229 -3.041224003 0.082493968 -8.082177162 1 keyframe_0185_id838.png

187 0.749745131 -0.016618380 -0.649695575 -0.124506444 -2.876177549 -0.163666517 -8.208957672 1 keyframe_0186_id839.png

188 0.780762672 -0.083245277 -0.579908907 -0.217222333 -0.453446239 1.532496572 -7.065593719 1 keyframe_0187_id843.png

189 0.708548129 -0.100925691 -0.632595241 -0.295967609 1.387495756 1.625317812 -6.296063423 1 keyframe_0188_id844.png

190 0.583570361 -0.001217040 -0.724792004 -0.366225004 2.127624989 2.385124445 -3.783598185 1 keyframe_0189_id845.png

191 0.463702410 -0.019814335 -0.827172995 -0.316815823 1.865799427 1.880256057 -4.042604446 1 keyframe_0190_id846.png

192 0.323973864 -0.006796810 -0.888871968 -0.323884875 1.940483570 1.705874085 -4.627524853 1 keyframe_0191_id847.png

193 0.299384594 0.021880502 -0.905346155 -0.300397098 1.064357877 1.805680156 -6.101378918 1 keyframe_0192_id848.png

194 0.316090971 0.048475344 -0.903960168 -0.283888668 0.090074025 1.876410961 -7.504852295 1 keyframe_0193_id849.png

195 0.318249345 0.033576678 -0.915940404 -0.242163643 -0.204309568 1.370626330 -9.049638748 1 keyframe_0194_id851.png

196 0.386444718 0.024871821 -0.894129753 -0.224886298 -0.838348448 1.295978785 -9.237565041 1 keyframe_0195_id853.png

197 0.391052097 0.014455813 -0.883211374 -0.258470505 -0.335263938 1.826020002 -8.895767212 1 keyframe_0196_id854.png

198 0.385582685 -0.015899926 -0.868783116 -0.310304880 0.497198731 2.485530853 -8.328759193 1 keyframe_0197_id855.png

199 0.389264971 -0.002479998 -0.865881801 -0.314189970 1.161159635 2.874725103 -7.802742481 1 keyframe_0198_id856.png

200 0.443724364 0.016613459 -0.836071312 -0.322207153 0.882446170 3.562942982 -7.421293736 1 keyframe_0199_id857.png

201 0.471626729 0.031912211 -0.825895309 -0.307321995 1.068586946 3.809178829 -7.576797962 1 keyframe_0200_id858.png

202 0.649053097 0.006027882 -0.727578640 -0.222088009 -1.978197813 2.944323778 -8.347609520 1 keyframe_0201_id859.png

203 0.794098973 -0.002675972 -0.593857765 -0.129354581 -5.165234566 1.568903685 -7.660543919 1 keyframe_0202_id860.png

204 0.859471798 0.011951963 -0.498827338 -0.111070991 -6.551625729 1.398077726 -6.624408722 1 keyframe_0203_id861.png

205 0.871841013 -0.011332380 -0.477215081 -0.109684385 -6.527997017 1.279429555 -6.616533279 1 keyframe_0204_id862.png

206 0.877929151 -0.016288614 -0.470322043 -0.088160925 -6.329066277 0.824395657 -6.732329369 1 keyframe_0205_id863.png

207 0.900009394 -0.023554128 -0.428717941 -0.075028002 -6.534112930 0.553467989 -6.228429794 1 keyframe_0206_id864.png

208 0.921057880 0.002413292 -0.380050242 -0.084902085 -6.544596195 0.875528514 -5.551251411 1 keyframe_0207_id865.png

209 0.921266556 0.005511489 -0.379504204 -0.084936656 -5.753722191 0.849440217 -5.559046745 1 keyframe_0208_id866.png

210 0.916428506 0.008028095 -0.389024496 -0.093564793 -4.874655247 1.067212939 -5.565839767 1 keyframe_0209_id867.png

211 0.915011644 0.004475160 -0.391779512 -0.096138403 -4.041572571 1.143887639 -5.480001926 1 keyframe_0210_id868.png

212 0.930790961 -0.006205544 -0.352124184 -0.097970575 -3.449177980 1.035223246 -5.039136887 1 keyframe_0211_id869.png

213 0.971727312 -0.005554000 -0.223576590 -0.075688280 -2.433976412 1.274632335 -4.062573433 1 keyframe_0212_id870.png

214 0.973461449 -0.008913941 -0.223852202 -0.046729382 -1.989733219 0.949619234 -3.568199158 1 keyframe_0213_id871.png

215 0.987646043 -0.011587154 -0.153804332 -0.027662447 -2.182793856 0.835296810 -2.566862583 1 keyframe_0214_id872.png

216 0.999735355 0.009950687 -0.020310028 0.004213158 -1.801647186 0.479784399 -0.934088945 1 keyframe_0215_id873.png

217 0.996558607 0.029059207 0.063906126 0.044074140 -1.023034215 0.181765020 -0.188883156 1 keyframe_0216_id874.png

218 0.991258740 0.003180193 0.116028287 0.062717199 0.149717286 -0.263208807 -0.252954394 1 keyframe_0217_id880.png

219 0.993801653 -0.015437721 0.102178365 0.040982094 0.185574517 -0.339833856 -0.305893928 1 keyframe_0218_id881.png

220 0.995706260 -0.017315738 0.089018799 0.018571557 0.171849057 -0.345998317 -0.280090719 1 keyframe_0219_id882.png

